[gd_scene format=3 uid="uid://b6h47ochvh34p"]

[ext_resource type="Material" uid="uid://dh3t6o8pi6yk1" path="res://Textures/Paving Stones 138/PavingStones138_2K-JPG.tres" id="1_l7wkw"]
[ext_resource type="PackedScene" uid="uid://cy4o15k7ows4u" path="res://character.tscn" id="2_ok1mt"]
[ext_resource type="Script" uid="uid://6iauadqfys57" path="res://scripts/character.gd" id="3_lr2bl"]
[ext_resource type="Script" uid="uid://b6eyd3wj6fu6d" path="res://states/statemachine.gd" id="4_vnwsp"]
[ext_resource type="Script" uid="uid://bwlepq4swweko" path="res://states/idle_state.gd" id="5_e7qpp"]
[ext_resource type="Script" uid="uid://bxuwdx87nuwsm" path="res://states/move_state.gd" id="6_epts5"]
[ext_resource type="Script" uid="uid://blw1v4enclq7g" path="res://states/jump_state.gd" id="7_vbiel"]
[ext_resource type="Script" uid="uid://brs8yqwgni5t4" path="res://states/fall_state.gd" id="8_yy0f5"]
[ext_resource type="PackedScene" uid="uid://btbbvoxdixc6u" path="res://interactprompt.tscn" id="9_xtfyx"]
[ext_resource type="PackedScene" uid="uid://bcv71xsvoofkr" path="res://dial_box.tscn" id="10_8el4g"]
[ext_resource type="Script" uid="uid://bsvbxxmkshgvi" path="res://scripts/dialogue_manager.gd" id="11_36i0r"]
[ext_resource type="Script" uid="uid://c7wgluufenq2k" path="res://prompt_manager.gd" id="12_10sd0"]
[ext_resource type="Script" uid="uid://chd4v2dchvucb" path="res://scripts/CameraManager.gd" id="13_i2rp3"]
[ext_resource type="Script" uid="uid://dr88cobc5dqk4" path="res://scene_switcher.gd" id="14_pgn4x"]
[ext_resource type="Texture2D" uid="uid://dfc83pm5hqos8" path="res://Textures/Sky Panorama/Panorama_Sky_17-512x512.png" id="15_44xct"]
[ext_resource type="PackedScene" uid="uid://8b1xuokowhht" path="res://meshes/BookHouse/Book House 1.blend" id="16_wf2ir"]
[ext_resource type="Script" uid="uid://c7rrmgfhlcpwe" path="res://street_exit.gd" id="17_kfukp"]
[ext_resource type="PackedScene" uid="uid://dcowgxvbiylrh" path="res://meshes/House1/House 1.blend" id="18_bni5b"]
[ext_resource type="PackedScene" uid="uid://doulptnqgwt2w" path="res://statue.tscn" id="19_lr2bl"]
[ext_resource type="PackedScene" uid="uid://71w6wpdtgb7a" path="res://npc1.tscn" id="19_vnwsp"]
[ext_resource type="Script" uid="uid://bs282g5m08tfj" path="res://dialogue_trigger.gd" id="20_e7qpp"]

[sub_resource type="PlaneMesh" id="PlaneMesh_0r8xi"]
material = ExtResource("1_l7wkw")

[sub_resource type="BoxShape3D" id="BoxShape3D_icrfg"]
size = Vector3(1.9956055, 0.5073242, 1.9936523)

[sub_resource type="AnimationNodeAnimation" id="AnimationNodeAnimation_go3uk"]
animation = &"Idle Straight"

[sub_resource type="AnimationNodeAnimation" id="AnimationNodeAnimation_wdpcj"]
animation = &"Idle"
advance_on_start = true

[sub_resource type="AnimationNodeAnimation" id="AnimationNodeAnimation_qi5as"]
animation = &"Walk2"
advance_on_start = true

[sub_resource type="AnimationNodeStateMachineTransition" id="AnimationNodeStateMachineTransition_jb3kq"]
advance_mode = 2

[sub_resource type="AnimationNodeStateMachineTransition" id="AnimationNodeStateMachineTransition_c1b4b"]
xfade_time = 0.2
switch_mode = 1

[sub_resource type="AnimationNodeStateMachineTransition" id="AnimationNodeStateMachineTransition_7tnxx"]
xfade_time = 0.2

[sub_resource type="AnimationNodeStateMachineTransition" id="AnimationNodeStateMachineTransition_lyohd"]
advance_condition = &"if"

[sub_resource type="AnimationNodeStateMachineTransition" id="AnimationNodeStateMachineTransition_2ia7u"]

[sub_resource type="AnimationNodeStateMachineTransition" id="AnimationNodeStateMachineTransition_0fer6"]

[sub_resource type="AnimationNodeStateMachineTransition" id="AnimationNodeStateMachineTransition_aeagw"]

[sub_resource type="AnimationNodeStateMachine" id="AnimationNodeStateMachine_nmgd5"]
states/Idle/node = SubResource("AnimationNodeAnimation_wdpcj")
states/Idle/position = Vector2(339.33337, 100.44444)
"states/Idle Pause/node" = SubResource("AnimationNodeAnimation_go3uk")
"states/Idle Pause/position" = Vector2(485.3333, 241.33333)
states/Walk/node = SubResource("AnimationNodeAnimation_qi5as")
states/Walk/position = Vector2(686.6667, 122.666664)
transitions = ["Start", "Idle", SubResource("AnimationNodeStateMachineTransition_jb3kq"), "Idle", "Walk", SubResource("AnimationNodeStateMachineTransition_c1b4b"), "Walk", "Idle", SubResource("AnimationNodeStateMachineTransition_7tnxx"), "Idle", "Idle Pause", SubResource("AnimationNodeStateMachineTransition_lyohd"), "Idle Pause", "Idle", SubResource("AnimationNodeStateMachineTransition_2ia7u"), "Idle Pause", "Walk", SubResource("AnimationNodeStateMachineTransition_0fer6"), "Walk", "Idle Pause", SubResource("AnimationNodeStateMachineTransition_aeagw")]
graph_offset = Vector2(68, 52)

[sub_resource type="PanoramaSkyMaterial" id="PanoramaSkyMaterial_7itcq"]
panorama = ExtResource("15_44xct")

[sub_resource type="Sky" id="Sky_ks7nf"]
sky_material = SubResource("PanoramaSkyMaterial_7itcq")

[sub_resource type="Environment" id="Environment_qrkdo"]
background_mode = 2
sky = SubResource("Sky_ks7nf")
sky_rotation = Vector3(0, 0.31939524, 0)
ambient_light_source = 3
ssao_enabled = true
ssil_enabled = true
sdfgi_enabled = true
sdfgi_use_occlusion = true
glow_enabled = true
glow_intensity = 0.1
volumetric_fog_enabled = true
volumetric_fog_density = 0.005

[sub_resource type="BoxShape3D" id="BoxShape3D_wx3jl"]
size = Vector3(19.714804, 13.973022, 44.465294)

[sub_resource type="BoxShape3D" id="BoxShape3D_ji77o"]
size = Vector3(1, 2.0124512, 13.710327)

[sub_resource type="CapsuleShape3D" id="CapsuleShape3D_e7qpp"]
radius = 0.3017578
height = 0.8359375

[sub_resource type="CapsuleShape3D" id="CapsuleShape3D_vnwsp"]
radius = 0.3466797
height = 0.83935547

[sub_resource type="BoxShape3D" id="BoxShape3D_ok1mt"]
size = Vector3(0.5463867, 1, 7.7749023)

[node name="Market1" type="Node3D" unique_id=1437225535]

[node name="Spawn_FromMarket1" type="Marker3D" parent="." unique_id=1676370970]
transform = Transform3D(3.955, 0, 0, 0, 3.955, 0, 0, 0, 3.955, 1.8796775, 0.4884258, 0.76755965)

[node name="StaticBody3D" type="StaticBody3D" parent="." unique_id=102186674]

[node name="MeshInstance3D" type="MeshInstance3D" parent="StaticBody3D" unique_id=1196922909]
transform = Transform3D(3.955, 0, 0, 0, 3.955, 0, 0, 0, 3.955, 0, 0, 0)
mesh = SubResource("PlaneMesh_0r8xi")

[node name="CollisionShape3D" type="CollisionShape3D" parent="StaticBody3D" unique_id=1637384215]
transform = Transform3D(3.955, 0, 0, 0, 3.955, 0, 0, 0, 3.955, -0.016235352, -1.0047197, 0.0004131794)
shape = SubResource("BoxShape3D_icrfg")

[node name="CharacterBody3D" parent="." unique_id=1051319031 instance=ExtResource("2_ok1mt")]
transform = Transform3D(-0.15, 0, -1.3113417e-08, 0, 0.15, 0, 1.3113417e-08, 0, -0.15, 1.8115263, 0.11513364, 0.9240847)
script = ExtResource("3_lr2bl")

[node name="Armature" parent="CharacterBody3D/MAsked Gli" parent_id_path=PackedInt32Array(1051319031, 1915688629) index="0" unique_id=1424227123]
transform = Transform3D(0.9999999, 0, 0, 0, 1, 0, 0, 0, 0.9999999, 0, 0, 0)

[node name="Skeleton" parent="CharacterBody3D/MAsked Gli/Armature" index="0" unique_id=311386290]
bones/0/position = Vector3(0.03737656, 5.2883344, -0.038936973)
bones/0/rotation = Quaternion(-0.040231302, -0.36570415, -0.014032034, 0.92975545)
bones/1/rotation = Quaternion(0.04722494, 0.03988056, -0.008427575, 0.9980523)
bones/2/rotation = Quaternion(0.09421851, 0.08026688, -0.016708834, 0.99216986)
bones/3/rotation = Quaternion(0.094218515, 0.080266796, -0.016708825, 0.99216986)
bones/4/rotation = Quaternion(-0.014498367, -0.010757904, 0.0015307416, 0.9998359)
bones/5/rotation = Quaternion(-0.041326478, 0.17640221, -0.004781857, 0.9834387)
bones/8/rotation = Quaternion(0.467686, 0.51546794, 0.47272804, -0.5404542)
bones/9/rotation = Quaternion(-0.014080247, 0.9688288, -0.2177549, 0.11728284)
bones/10/rotation = Quaternion(0.14126146, -0.8600418, 0.2649424, 0.41252747)
bones/11/rotation = Quaternion(0.009587993, 0.73452693, 0.16959363, 0.65697515)
bones/13/rotation = Quaternion(0.4382484, -0.5458068, -0.5145498, -0.49524933)
bones/14/rotation = Quaternion(0.19680189, 0.9595824, -0.19899945, 0.029494587)
bones/15/rotation = Quaternion(0.12762004, 0.87624896, -0.15909842, 0.43656477)
bones/16/rotation = Quaternion(0.13644587, -0.65781033, 0.015665023, 0.74055564)
bones/18/rotation = Quaternion(0.06896688, 0.21173432, 0.9729735, -0.061112326)
bones/19/rotation = Quaternion(0.039120782, 0.9465002, -0.30633238, -0.09363551)
bones/20/rotation = Quaternion(-0.013969819, 0.6634062, -0.74798185, 0.014840829)
bones/21/rotation = Quaternion(0.028167175, 0.999367, 0.020087058, -0.008288815)
bones/24/rotation = Quaternion(-0.12593777, -0.0025027199, 0.9882886, 0.08613473)
bones/25/rotation = Quaternion(0.02446809, 0.9593971, -0.2633342, -0.09804959)
bones/26/rotation = Quaternion(0.08093809, 0.55076134, -0.82683975, -0.08029417)
bones/27/rotation = Quaternion(0.0033569192, 0.999864, 0.015833953, -0.0031807416)

[node name="Hair_012" parent="CharacterBody3D/MAsked Gli/Armature/Skeleton" index="0" unique_id=1287714080]
transform = Transform3D(0.9963983, -0.08477117, -0.002034396, 0.081102654, 0.95973355, -0.2689491, 0.024751633, 0.26781547, 0.9631523, -0.14598453, 8.4563265, 0.6413679)

[node name="Hair_013" parent="CharacterBody3D/MAsked Gli/Armature/Skeleton" index="1" unique_id=873901604]
transform = Transform3D(0.9963983, -0.08477117, -0.002034396, 0.081102654, 0.95973355, -0.2689491, 0.024751633, 0.26781547, 0.9631523, -0.14598453, 8.4563265, 0.6413679)

[node name="Hair_014" parent="CharacterBody3D/MAsked Gli/Armature/Skeleton" index="2" unique_id=476379738]
transform = Transform3D(0.9963983, -0.08477117, -0.002034396, 0.081102654, 0.95973355, -0.2689491, 0.024751633, 0.26781547, 0.9631523, -0.14598453, 8.4563265, 0.6413679)

[node name="Hair_015" parent="CharacterBody3D/MAsked Gli/Armature/Skeleton" index="3" unique_id=1497028541]
transform = Transform3D(0.9963983, -0.08477117, -0.002034396, 0.081102654, 0.95973355, -0.2689491, 0.024751633, 0.26781547, 0.9631523, -0.14598453, 8.4563265, 0.6413679)

[node name="Hair_016" parent="CharacterBody3D/MAsked Gli/Armature/Skeleton" index="4" unique_id=2050593926]
transform = Transform3D(0.9963983, -0.08477117, -0.002034396, 0.081102654, 0.95973355, -0.2689491, 0.024751633, 0.26781547, 0.9631523, -0.14598453, 8.4563265, 0.6413679)

[node name="Hair_017" parent="CharacterBody3D/MAsked Gli/Armature/Skeleton" index="5" unique_id=524858109]
transform = Transform3D(0.9963983, -0.08477117, -0.002034396, 0.081102654, 0.95973355, -0.2689491, 0.024751633, 0.26781547, 0.9631523, -0.14598453, 8.4563265, 0.6413679)

[node name="Hair_018" parent="CharacterBody3D/MAsked Gli/Armature/Skeleton" index="6" unique_id=1687165182]
transform = Transform3D(0.9963983, -0.08477117, -0.002034396, 0.081102654, 0.95973355, -0.2689491, 0.024751633, 0.26781547, 0.9631523, -0.14598453, 8.4563265, 0.6413679)

[node name="Hair_019" parent="CharacterBody3D/MAsked Gli/Armature/Skeleton" index="7" unique_id=1727726647]
transform = Transform3D(0.9963983, -0.08477117, -0.002034396, 0.081102654, 0.95973355, -0.2689491, 0.024751633, 0.26781547, 0.9631523, -0.14598453, 8.4563265, 0.6413679)

[node name="Hair_020" parent="CharacterBody3D/MAsked Gli/Armature/Skeleton" index="8" unique_id=25484365]
transform = Transform3D(0.9963983, -0.08477117, -0.002034396, 0.081102654, 0.95973355, -0.2689491, 0.024751633, 0.26781547, 0.9631523, -0.14598453, 8.4563265, 0.6413679)

[node name="Hair_021" parent="CharacterBody3D/MAsked Gli/Armature/Skeleton" index="9" unique_id=1073871996]
transform = Transform3D(0.9963983, -0.08477117, -0.002034396, 0.081102654, 0.95973355, -0.2689491, 0.024751633, 0.26781547, 0.9631523, -0.14598453, 8.4563265, 0.6413679)

[node name="Hair_022" parent="CharacterBody3D/MAsked Gli/Armature/Skeleton" index="10" unique_id=1561061912]
transform = Transform3D(0.9963983, -0.08477117, -0.002034396, 0.081102654, 0.95973355, -0.2689491, 0.024751633, 0.26781547, 0.9631523, -0.14598453, 8.4563265, 0.6413679)

[node name="Hair_023" parent="CharacterBody3D/MAsked Gli/Armature/Skeleton" index="11" unique_id=1993777387]
transform = Transform3D(0.9963983, -0.08477117, -0.002034396, 0.081102654, 0.95973355, -0.2689491, 0.024751633, 0.26781547, 0.9631523, -0.14598453, 8.4563265, 0.6413679)

[node name="Hair_024" parent="CharacterBody3D/MAsked Gli/Armature/Skeleton" index="12" unique_id=232467729]
transform = Transform3D(0.9963983, -0.08477117, -0.002034396, 0.081102654, 0.95973355, -0.2689491, 0.024751633, 0.26781547, 0.9631523, -0.14598453, 8.4563265, 0.6413679)

[node name="Hair_025" parent="CharacterBody3D/MAsked Gli/Armature/Skeleton" index="13" unique_id=1273808181]
transform = Transform3D(0.9963983, -0.08477117, -0.002034396, 0.081102654, 0.95973355, -0.2689491, 0.024751633, 0.26781547, 0.9631523, -0.14598453, 8.4563265, 0.6413679)

[node name="Hair_026" parent="CharacterBody3D/MAsked Gli/Armature/Skeleton" index="14" unique_id=724191067]
transform = Transform3D(0.9963983, -0.08477117, -0.002034396, 0.081102654, 0.95973355, -0.2689491, 0.024751633, 0.26781547, 0.9631523, -0.14598453, 8.4563265, 0.6413679)

[node name="Hair_027" parent="CharacterBody3D/MAsked Gli/Armature/Skeleton" index="15" unique_id=1791855920]
transform = Transform3D(0.9963983, -0.08477117, -0.002034396, 0.081102654, 0.95973355, -0.2689491, 0.024751633, 0.26781547, 0.9631523, -0.14598453, 8.4563265, 0.6413679)

[node name="Hair_028" parent="CharacterBody3D/MAsked Gli/Armature/Skeleton" index="16" unique_id=752217555]
transform = Transform3D(0.9963983, -0.08477117, -0.002034396, 0.081102654, 0.95973355, -0.2689491, 0.024751633, 0.26781547, 0.9631523, -0.14598453, 8.4563265, 0.6413679)

[node name="Hair_029" parent="CharacterBody3D/MAsked Gli/Armature/Skeleton" index="17" unique_id=1986281236]
transform = Transform3D(0.9963983, -0.08477117, -0.002034396, 0.081102654, 0.95973355, -0.2689491, 0.024751633, 0.26781547, 0.9631523, -0.14598453, 8.4563265, 0.6413679)

[node name="Hair_030" parent="CharacterBody3D/MAsked Gli/Armature/Skeleton" index="18" unique_id=532791653]
transform = Transform3D(0.9963983, -0.08477117, -0.002034396, 0.081102654, 0.95973355, -0.2689491, 0.024751633, 0.26781547, 0.9631523, -0.14598453, 8.4563265, 0.6413679)

[node name="Hair_031" parent="CharacterBody3D/MAsked Gli/Armature/Skeleton" index="19" unique_id=274816526]
transform = Transform3D(0.9963983, -0.08477117, -0.002034396, 0.081102654, 0.95973355, -0.2689491, 0.024751633, 0.26781547, 0.9631523, -0.14598453, 8.4563265, 0.6413679)

[node name="Hair_032" parent="CharacterBody3D/MAsked Gli/Armature/Skeleton" index="20" unique_id=138949315]
transform = Transform3D(0.9963983, -0.08477117, -0.002034396, 0.081102654, 0.95973355, -0.2689491, 0.024751633, 0.26781547, 0.9631523, -0.14598453, 8.4563265, 0.6413679)

[node name="Hair_033" parent="CharacterBody3D/MAsked Gli/Armature/Skeleton" index="21" unique_id=765586267]
transform = Transform3D(0.9963983, -0.08477117, -0.002034396, 0.081102654, 0.95973355, -0.2689491, 0.024751633, 0.26781547, 0.9631523, -0.14598453, 8.4563265, 0.6413679)

[node name="Hair_034" parent="CharacterBody3D/MAsked Gli/Armature/Skeleton" index="22" unique_id=1974956672]
transform = Transform3D(0.9963983, -0.08477117, -0.002034396, 0.081102654, 0.95973355, -0.2689491, 0.024751633, 0.26781547, 0.9631523, -0.14598453, 8.4563265, 0.6413679)

[node name="Icosphere" parent="CharacterBody3D/MAsked Gli/Armature/Skeleton" index="23" unique_id=257716365]
transform = Transform3D(0.9963983, -0.08477117, -0.002034396, 0.081102654, 0.95973355, -0.2689491, 0.024751633, 0.26781547, 0.9631523, -0.14598453, 8.4563265, 0.6413679)

[node name="RightArmGraft" parent="CharacterBody3D/MAsked Gli/Armature/Skeleton" index="46" unique_id=1562468153]
transform = Transform3D(-0.08588189, -0.9391172, -0.3326907, 0.9691509, -0.15617517, 0.19067019, -0.23101985, -0.30605263, 0.92355907, -1.4344456, 6.665613, -1.0125611)

[node name="LeftLegGraft" parent="CharacterBody3D/MAsked Gli/Armature/Skeleton" index="47" unique_id=1148643271]
transform = Transform3D(-0.83335674, -0.21567889, -0.50891936, -0.07904744, -0.8647605, 0.495924, -0.5470536, 0.45351046, 0.7036053, 0.51589346, 4.985949, 0.4531039)

[node name="ViolinPlace" parent="CharacterBody3D/MAsked Gli/Armature/Skeleton" index="48" unique_id=329092666]
transform = Transform3D(0.9414845, -0.11519351, -0.31676066, -0.01715649, 0.9221895, -0.3863573, 0.33661926, 0.36918402, 0.866251, 0.053226326, 7.205132, 0.034413457)

[node name="AnimationTree" type="AnimationTree" parent="CharacterBody3D/MAsked Gli" parent_id_path=PackedInt32Array(1051319031, 1915688629) index="1" unique_id=1591773052]
tree_root = SubResource("AnimationNodeStateMachine_nmgd5")
anim_player = NodePath("../AnimationPlayer")
parameters/conditions/if = false

[node name="StateMachine" type="Node" parent="CharacterBody3D" unique_id=1219789439 node_paths=PackedStringArray("anim_tree", "initial_state")]
script = ExtResource("4_vnwsp")
anim_tree = NodePath("../MAsked Gli/AnimationTree")
initial_state = NodePath("Idle")

[node name="Idle" type="Node" parent="CharacterBody3D/StateMachine" unique_id=1312367721 node_paths=PackedStringArray("move_state", "jump_state", "fall_state")]
script = ExtResource("5_e7qpp")
move_state = NodePath("../Move")
jump_state = NodePath("../Jump")
fall_state = NodePath("../Fall")

[node name="Move" type="Node" parent="CharacterBody3D/StateMachine" unique_id=1999801501 node_paths=PackedStringArray("idle_state", "jump_state", "fall_state")]
script = ExtResource("6_epts5")
idle_state = NodePath("../Idle")
jump_state = NodePath("../Jump")
fall_state = NodePath("../Fall")

[node name="Jump" type="Node" parent="CharacterBody3D/StateMachine" unique_id=285905507 node_paths=PackedStringArray("fall_state")]
script = ExtResource("7_vbiel")
fall_state = NodePath("../Fall")

[node name="Fall" type="Node" parent="CharacterBody3D/StateMachine" unique_id=1373558540 node_paths=PackedStringArray("idle_state")]
script = ExtResource("8_yy0f5")
idle_state = NodePath("../Idle")

[node name="UI Elements" type="CanvasLayer" parent="." unique_id=1795206541]

[node name="Prompt" parent="UI Elements" unique_id=566110442 groups=["prompt"] instance=ExtResource("9_xtfyx")]
visible = false

[node name="DialBox" parent="UI Elements" unique_id=1810109422 instance=ExtResource("10_8el4g")]
visible = false

[node name="DialogueManager" type="Node" parent="." unique_id=878336146]
script = ExtResource("11_36i0r")

[node name="PromptManager" type="Node" parent="." unique_id=1355091734]
script = ExtResource("12_10sd0")

[node name="CamMan" type="Node3D" parent="." unique_id=542385769]
transform = Transform3D(0.1, 0, 0, 0, 0.1, 0, 0, 0, 0.1, -2.007757, 0.3880672, -0.5472099)
script = ExtResource("13_i2rp3")
metadata/_custom_type_script = "uid://chd4v2dchvucb"

[node name="PauseHandler" type="Node" parent="." unique_id=1342752390]
process_mode = 3
script = ExtResource("14_pgn4x")

[node name="Camera3D" type="Camera3D" parent="." unique_id=1273789110]
transform = Transform3D(-4.371139e-08, -0.3408062, 0.9401336, -8.881784e-16, 0.9401336, 0.3408062, -1, 1.489711e-08, -4.1094545e-08, 5.7409587, 1.9912975, 0)
fov = 45.0

[node name="DirectionalLight3D" type="DirectionalLight3D" parent="." unique_id=422567677]
transform = Transform3D(0.25146133, 0.81347, -0.5244365, -0.3142939, 0.5811138, 0.75068367, 0.9154159, -0.023940705, 0.40179637, -2.5129166, 5.2704983, 1.8088355)
light_color = Color(1, 0.6156863, 0.5647059, 1)
shadow_enabled = true

[node name="WorldEnvironment" type="WorldEnvironment" parent="." unique_id=410346906]
environment = SubResource("Environment_qrkdo")

[node name="StaticBody3D2" type="StaticBody3D" parent="." unique_id=294542588]
transform = Transform3D(0.255, 0, 0, 0, 0.255, 0, 0, 0, 0.255, 0, 0.3280159, -0.71449053)

[node name="CollisionShape3D6" type="CollisionShape3D" parent="StaticBody3D2" unique_id=580578140]
transform = Transform3D(0.37750942, 0, 0, 0, 0.37750942, 0, 0, 0, 0.37750942, 1.1670914, 2.9916773, -10.66327)
shape = SubResource("BoxShape3D_wx3jl")

[node name="Book House 1" parent="StaticBody3D2" unique_id=1295291594 instance=ExtResource("16_wf2ir")]
transform = Transform3D(0.13355392, 0, -5.207918, 0, 5.20963, 0, 5.207918, 0, 0.13355392, 2.1453648, 0.34588218, -9.785929)

[node name="Go To Market 1" type="Area3D" parent="." unique_id=528910441]
transform = Transform3D(-1.3280191, 0, -0.03405619, 0, 1.3284557, 0, 0.03405619, 0, -1.3280191, 16.401426, 0.41621584, 4.4547744)
collision_layer = 8
collision_mask = 2
script = ExtResource("17_kfukp")
target_street = "res://Market1.tscn"
spawn_name = "Spawn_FromMarket2"

[node name="CollisionShape3D" type="CollisionShape3D" parent="Go To Market 1" unique_id=913068486]
transform = Transform3D(1, 0, 0, 0, 1, 0, 0, 0, 1, 9.23571, -0.011968851, 1.9273071)
shape = SubResource("BoxShape3D_ji77o")

[node name="House 2" parent="." unique_id=129709670 instance=ExtResource("18_bni5b")]
transform = Transform3D(-0.75370014, 0, 0.021263443, 0, 0.754, 0, -0.021263443, 0, -0.75370014, 1.3710346, 0.57106256, 4.749648)

[node name="Angry Steve" parent="." unique_id=458151642 instance=ExtResource("19_vnwsp")]
transform = Transform3D(0.10432012, 0, 0.9945438, 0, 1, 0, -0.9945438, 0, 0.10432012, -2.0527706, -0.011540554, 3.3798199)

[node name="Area3D" type="Area3D" parent="Angry Steve" unique_id=601234097]
collision_layer = 8
collision_mask = 2
script = ExtResource("20_e7qpp")

[node name="CollisionShape3D" type="CollisionShape3D" parent="Angry Steve/Area3D" unique_id=1459963632]
transform = Transform3D(1, 0, 0, 0, 1, 0, 0, 0, 1, 0, 0.39637938, 0)
shape = SubResource("CapsuleShape3D_e7qpp")

[node name="Chill Derek" parent="." unique_id=1593121083 instance=ExtResource("19_vnwsp")]
transform = Transform3D(0.6366168, 0, -0.77118033, 0, 1, 0, 0.77118033, 0, 0.6366168, -0.2763648, -0.011540554, -0.591429)

[node name="Area3D" type="Area3D" parent="Chill Derek" unique_id=1023838124]
collision_layer = 8
collision_mask = 2
script = ExtResource("20_e7qpp")

[node name="CollisionShape3D" type="CollisionShape3D" parent="Chill Derek/Area3D" unique_id=301796936]
transform = Transform3D(0.9999999, 0, 0, 0, 1, 0, 0, 0, 0.9999999, 0, 0.41321662, 0)
shape = SubResource("CapsuleShape3D_vnwsp")

[node name="StaticBody3D3" type="StaticBody3D" parent="." unique_id=67089886]

[node name="CollisionShape3D" type="CollisionShape3D" parent="StaticBody3D3" unique_id=1361159481]
transform = Transform3D(1, 0, 0, 0, 1, 0, 0, 0, 1, -3.963623, 0, -0.05883789)
shape = SubResource("BoxShape3D_ok1mt")

[node name="CollisionShape3D2" type="CollisionShape3D" parent="StaticBody3D3" unique_id=283782058]
transform = Transform3D(-4.371139e-08, 0, -1, 0, 1, 0, 1, 0, -4.371139e-08, -0.09013367, 0, 3.963708)
shape = SubResource("BoxShape3D_ok1mt")

[node name="CollisionShape3D3" type="CollisionShape3D" parent="StaticBody3D3" unique_id=1515200762]
transform = Transform3D(-4.371139e-08, 0, -1, 0, 1, 0, 1, 0, -4.371139e-08, -0.09013367, 0, -3.9722567)
shape = SubResource("BoxShape3D_ok1mt")

[node name="Statue" parent="." unique_id=998164087 instance=ExtResource("19_lr2bl")]
transform = Transform3D(0.23, 0, 0, 0, 0.23, 0, 0, 0, 0.23, -0.81441665, 0.0023515224, 1.4608779)
distance = 0.5

[connection signal="body_entered" from="Go To Market 1" to="Go To Market 1" method="_on_body_entered"]
[connection signal="body_entered" from="Chill Derek/Area3D" to="Chill Derek/Area3D" method="_on_body_entered"]
[connection signal="body_exited" from="Chill Derek/Area3D" to="Chill Derek/Area3D" method="_on_body_exited"]

[editable path="CharacterBody3D"]
[editable path="CharacterBody3D/MAsked Gli/Armature/Skeleton/ViolinPlace/Violin 1"]
[editable path="UI Elements/Prompt"]
