[gd_scene format=3 uid="uid://b6h47ochvh34p"]

[ext_resource type="Material" uid="uid://dh3t6o8pi6yk1" path="res://Textures/Paving Stones 138/PavingStones138_2K-JPG.tres" id="1_l7wkw"]
[ext_resource type="PackedScene" uid="uid://cy4o15k7ows4u" path="res://character.tscn" id="2_ok1mt"]
[ext_resource type="Script" uid="uid://6iauadqfys57" path="res://scripts/character.gd" id="3_lr2bl"]
[ext_resource type="Script" uid="uid://b6eyd3wj6fu6d" path="res://states/statemachine.gd" id="4_vnwsp"]
[ext_resource type="Script" uid="uid://bwlepq4swweko" path="res://states/idle_state.gd" id="5_e7qpp"]
[ext_resource type="Script" uid="uid://bxuwdx87nuwsm" path="res://states/move_state.gd" id="6_epts5"]
[ext_resource type="Script" uid="uid://blw1v4enclq7g" path="res://states/jump_state.gd" id="7_vbiel"]
[ext_resource type="Script" uid="uid://brs8yqwgni5t4" path="res://states/fall_state.gd" id="8_yy0f5"]
[ext_resource type="PackedScene" uid="uid://btbbvoxdixc6u" path="res://interactprompt.tscn" id="9_xtfyx"]
[ext_resource type="PackedScene" uid="uid://bcv71xsvoofkr" path="res://dial_box.tscn" id="10_8el4g"]
[ext_resource type="Script" uid="uid://bsvbxxmkshgvi" path="res://scripts/dialogue_manager.gd" id="11_36i0r"]
[ext_resource type="Script" uid="uid://c7wgluufenq2k" path="res://prompt_manager.gd" id="12_10sd0"]
[ext_resource type="Script" uid="uid://chd4v2dchvucb" path="res://scripts/CameraManager.gd" id="13_i2rp3"]
[ext_resource type="Script" uid="uid://dr88cobc5dqk4" path="res://scene_switcher.gd" id="14_pgn4x"]
[ext_resource type="Texture2D" uid="uid://dfc83pm5hqos8" path="res://Textures/Sky Panorama/Panorama_Sky_17-512x512.png" id="15_44xct"]
[ext_resource type="PackedScene" uid="uid://8b1xuokowhht" path="res://meshes/BookHouse/Book House 1.blend" id="16_wf2ir"]
[ext_resource type="Script" uid="uid://c7rrmgfhlcpwe" path="res://street_exit.gd" id="17_kfukp"]
[ext_resource type="PackedScene" uid="uid://dcowgxvbiylrh" path="res://meshes/House1/House 1.blend" id="18_bni5b"]

[sub_resource type="PlaneMesh" id="PlaneMesh_0r8xi"]
material = ExtResource("1_l7wkw")

[sub_resource type="BoxShape3D" id="BoxShape3D_icrfg"]
size = Vector3(1.9956055, 0.5073242, 1.9936523)

[sub_resource type="AnimationNodeAnimation" id="AnimationNodeAnimation_go3uk"]
animation = &"Idle Straight"

[sub_resource type="AnimationNodeAnimation" id="AnimationNodeAnimation_wdpcj"]
animation = &"Idle"
advance_on_start = true

[sub_resource type="AnimationNodeAnimation" id="AnimationNodeAnimation_qi5as"]
animation = &"Walk2"
advance_on_start = true

[sub_resource type="AnimationNodeStateMachineTransition" id="AnimationNodeStateMachineTransition_jb3kq"]
advance_mode = 2

[sub_resource type="AnimationNodeStateMachineTransition" id="AnimationNodeStateMachineTransition_c1b4b"]
xfade_time = 0.2
switch_mode = 1

[sub_resource type="AnimationNodeStateMachineTransition" id="AnimationNodeStateMachineTransition_7tnxx"]
xfade_time = 0.2

[sub_resource type="AnimationNodeStateMachineTransition" id="AnimationNodeStateMachineTransition_lyohd"]
advance_condition = &"if"

[sub_resource type="AnimationNodeStateMachineTransition" id="AnimationNodeStateMachineTransition_2ia7u"]

[sub_resource type="AnimationNodeStateMachineTransition" id="AnimationNodeStateMachineTransition_0fer6"]

[sub_resource type="AnimationNodeStateMachineTransition" id="AnimationNodeStateMachineTransition_aeagw"]

[sub_resource type="AnimationNodeStateMachine" id="AnimationNodeStateMachine_nmgd5"]
states/Idle/node = SubResource("AnimationNodeAnimation_wdpcj")
states/Idle/position = Vector2(339.33337, 100.44444)
"states/Idle Pause/node" = SubResource("AnimationNodeAnimation_go3uk")
"states/Idle Pause/position" = Vector2(485.3333, 241.33333)
states/Walk/node = SubResource("AnimationNodeAnimation_qi5as")
states/Walk/position = Vector2(686.6667, 122.666664)
transitions = ["Start", "Idle", SubResource("AnimationNodeStateMachineTransition_jb3kq"), "Idle", "Walk", SubResource("AnimationNodeStateMachineTransition_c1b4b"), "Walk", "Idle", SubResource("AnimationNodeStateMachineTransition_7tnxx"), "Idle", "Idle Pause", SubResource("AnimationNodeStateMachineTransition_lyohd"), "Idle Pause", "Idle", SubResource("AnimationNodeStateMachineTransition_2ia7u"), "Idle Pause", "Walk", SubResource("AnimationNodeStateMachineTransition_0fer6"), "Walk", "Idle Pause", SubResource("AnimationNodeStateMachineTransition_aeagw")]
graph_offset = Vector2(68, 52)

[sub_resource type="PanoramaSkyMaterial" id="PanoramaSkyMaterial_7itcq"]
panorama = ExtResource("15_44xct")

[sub_resource type="Sky" id="Sky_ks7nf"]
sky_material = SubResource("PanoramaSkyMaterial_7itcq")

[sub_resource type="Environment" id="Environment_qrkdo"]
background_mode = 2
sky = SubResource("Sky_ks7nf")
sky_rotation = Vector3(0, 0.31939524, 0)
ambient_light_source = 3
ssao_enabled = true
ssil_enabled = true
sdfgi_enabled = true
sdfgi_use_occlusion = true
glow_enabled = true
glow_intensity = 0.1
volumetric_fog_enabled = true
volumetric_fog_density = 0.005

[sub_resource type="BoxShape3D" id="BoxShape3D_wx3jl"]
size = Vector3(19.714804, 13.973022, 44.465294)

[sub_resource type="BoxShape3D" id="BoxShape3D_ji77o"]
size = Vector3(1, 2.0124512, 13.710327)

[node name="Market1" type="Node3D" unique_id=1437225535]

[node name="Spawn_FromMarket1" type="Marker3D" parent="." unique_id=1676370970]
transform = Transform3D(3.955, 0, 0, 0, 3.955, 0, 0, 0, 3.955, 1.8796775, 0.4884258, 0.76755965)

[node name="StaticBody3D" type="StaticBody3D" parent="." unique_id=102186674]

[node name="MeshInstance3D" type="MeshInstance3D" parent="StaticBody3D" unique_id=1196922909]
transform = Transform3D(3.955, 0, 0, 0, 3.955, 0, 0, 0, 3.955, 0, 0, 0)
mesh = SubResource("PlaneMesh_0r8xi")

[node name="CollisionShape3D" type="CollisionShape3D" parent="StaticBody3D" unique_id=1637384215]
transform = Transform3D(3.955, 0, 0, 0, 3.955, 0, 0, 0, 3.955, -0.0012207031, -1.0012255, 0.00024414063)
shape = SubResource("BoxShape3D_icrfg")

[node name="CharacterBody3D" parent="." unique_id=1051319031 node_paths=PackedStringArray("camera") instance=ExtResource("2_ok1mt")]
transform = Transform3D(-0.15, 0, -1.3113417e-08, 0, 0.15, 0, 1.3113417e-08, 0, -0.15, 1.8115263, 0.11513364, 0.9240847)
script = ExtResource("3_lr2bl")
camera = NodePath("")

[node name="Armature" parent="CharacterBody3D/MAsked Gli" parent_id_path=PackedInt32Array(1051319031, 1915688629) index="0" unique_id=1424227123]
transform = Transform3D(0.9999999, 0, 0, 0, 1, 0, 0, 0, 0.9999999, 0, 0, 0)

[node name="Skeleton" parent="CharacterBody3D/MAsked Gli/Armature" index="0" unique_id=311386290]
bones/0/position = Vector3(0.03103189, 5.2710896, -0.06803402)
bones/0/rotation = Quaternion(-0.037561044, -0.3669087, -0.012879775, 0.92940915)
bones/1/rotation = Quaternion(0.04998694, 0.04027893, -0.009231712, 0.99789464)
bones/2/rotation = Quaternion(0.0998734, 0.08096003, -0.01829449, 0.9915322)
bones/3/rotation = Quaternion(0.099873394, 0.08095997, -0.018294472, 0.9915322)
bones/4/rotation = Quaternion(-0.035018258, -0.010784398, 0.001507037, 0.9993274)
bones/5/rotation = Quaternion(-0.057754185, 0.17666788, -0.011364967, 0.9825089)
bones/8/rotation = Quaternion(0.4746767, 0.5123746, 0.4915785, -0.520101)
bones/9/rotation = Quaternion(-0.018687986, 0.9708291, -0.20442331, 0.12390679)
bones/10/rotation = Quaternion(0.13024649, -0.8596968, 0.26216224, 0.41860268)
bones/11/rotation = Quaternion(-0.011571021, 0.73072714, 0.19678082, 0.6535911)
bones/13/rotation = Quaternion(0.44413966, -0.5410414, -0.5364225, -0.47145)
bones/14/rotation = Quaternion(0.20797674, 0.9621879, -0.1750998, 0.016739685)
bones/15/rotation = Quaternion(0.10287879, 0.88255215, -0.15552914, 0.43165776)
bones/16/rotation = Quaternion(0.15246436, -0.65278596, 0.0046902606, 0.7420264)
bones/18/rotation = Quaternion(0.068024665, 0.2192073, 0.9712179, -0.06369225)
bones/19/rotation = Quaternion(0.039627872, 0.94502497, -0.31120723, -0.09223693)
bones/20/rotation = Quaternion(-0.015873214, 0.6627807, -0.7484574, 0.01677777)
bones/21/rotation = Quaternion(0.02795849, 0.9993713, 0.020422593, -0.007639803)
bones/24/rotation = Quaternion(-0.12478848, 0.010543239, 0.98848313, 0.084958114)
bones/25/rotation = Quaternion(0.025359845, 0.9545386, -0.28053844, -0.09752564)
bones/26/rotation = Quaternion(0.08015297, 0.543571, -0.83179325, -0.07890627)
bones/27/rotation = Quaternion(0.003414387, 0.9998623, 0.015905553, -0.0032895452)

[node name="Hair_012" parent="CharacterBody3D/MAsked Gli/Armature/Skeleton" index="0" unique_id=1287714080]
transform = Transform3D(0.9979494, -0.06399883, -0.0010154843, 0.06199283, 0.9703748, -0.23351595, 0.015930176, 0.23297417, 0.9723524, -0.17408217, 8.427945, 0.6572453)

[node name="Hair_013" parent="CharacterBody3D/MAsked Gli/Armature/Skeleton" index="1" unique_id=873901604]
transform = Transform3D(0.9979494, -0.06399883, -0.0010154843, 0.06199283, 0.9703748, -0.23351595, 0.015930176, 0.23297417, 0.9723524, -0.17408217, 8.427945, 0.6572453)

[node name="Hair_014" parent="CharacterBody3D/MAsked Gli/Armature/Skeleton" index="2" unique_id=476379738]
transform = Transform3D(0.9979494, -0.06399883, -0.0010154843, 0.06199283, 0.9703748, -0.23351595, 0.015930176, 0.23297417, 0.9723524, -0.17408217, 8.427945, 0.6572453)

[node name="Hair_015" parent="CharacterBody3D/MAsked Gli/Armature/Skeleton" index="3" unique_id=1497028541]
transform = Transform3D(0.9979494, -0.06399883, -0.0010154843, 0.06199283, 0.9703748, -0.23351595, 0.015930176, 0.23297417, 0.9723524, -0.17408217, 8.427945, 0.6572453)

[node name="Hair_016" parent="CharacterBody3D/MAsked Gli/Armature/Skeleton" index="4" unique_id=2050593926]
transform = Transform3D(0.9979494, -0.06399883, -0.0010154843, 0.06199283, 0.9703748, -0.23351595, 0.015930176, 0.23297417, 0.9723524, -0.17408217, 8.427945, 0.6572453)

[node name="Hair_017" parent="CharacterBody3D/MAsked Gli/Armature/Skeleton" index="5" unique_id=524858109]
transform = Transform3D(0.9979494, -0.06399883, -0.0010154843, 0.06199283, 0.9703748, -0.23351595, 0.015930176, 0.23297417, 0.9723524, -0.17408217, 8.427945, 0.6572453)

[node name="Hair_018" parent="CharacterBody3D/MAsked Gli/Armature/Skeleton" index="6" unique_id=1687165182]
transform = Transform3D(0.9979494, -0.06399883, -0.0010154843, 0.06199283, 0.9703748, -0.23351595, 0.015930176, 0.23297417, 0.9723524, -0.17408217, 8.427945, 0.6572453)

[node name="Hair_019" parent="CharacterBody3D/MAsked Gli/Armature/Skeleton" index="7" unique_id=1727726647]
transform = Transform3D(0.9979494, -0.06399883, -0.0010154843, 0.06199283, 0.9703748, -0.23351595, 0.015930176, 0.23297417, 0.9723524, -0.17408217, 8.427945, 0.6572453)

[node name="Hair_020" parent="CharacterBody3D/MAsked Gli/Armature/Skeleton" index="8" unique_id=25484365]
transform = Transform3D(0.9979494, -0.06399883, -0.0010154843, 0.06199283, 0.9703748, -0.23351595, 0.015930176, 0.23297417, 0.9723524, -0.17408217, 8.427945, 0.6572453)

[node name="Hair_021" parent="CharacterBody3D/MAsked Gli/Armature/Skeleton" index="9" unique_id=1073871996]
transform = Transform3D(0.9979494, -0.06399883, -0.0010154843, 0.06199283, 0.9703748, -0.23351595, 0.015930176, 0.23297417, 0.9723524, -0.17408217, 8.427945, 0.6572453)

[node name="Hair_022" parent="CharacterBody3D/MAsked Gli/Armature/Skeleton" index="10" unique_id=1561061912]
transform = Transform3D(0.9979494, -0.06399883, -0.0010154843, 0.06199283, 0.9703748, -0.23351595, 0.015930176, 0.23297417, 0.9723524, -0.17408217, 8.427945, 0.6572453)

[node name="Hair_023" parent="CharacterBody3D/MAsked Gli/Armature/Skeleton" index="11" unique_id=1993777387]
transform = Transform3D(0.9979494, -0.06399883, -0.0010154843, 0.06199283, 0.9703748, -0.23351595, 0.015930176, 0.23297417, 0.9723524, -0.17408217, 8.427945, 0.6572453)

[node name="Hair_024" parent="CharacterBody3D/MAsked Gli/Armature/Skeleton" index="12" unique_id=232467729]
transform = Transform3D(0.9979494, -0.06399883, -0.0010154843, 0.06199283, 0.9703748, -0.23351595, 0.015930176, 0.23297417, 0.9723524, -0.17408217, 8.427945, 0.6572453)

[node name="Hair_025" parent="CharacterBody3D/MAsked Gli/Armature/Skeleton" index="13" unique_id=1273808181]
transform = Transform3D(0.9979494, -0.06399883, -0.0010154843, 0.06199283, 0.9703748, -0.23351595, 0.015930176, 0.23297417, 0.9723524, -0.17408217, 8.427945, 0.6572453)

[node name="Hair_026" parent="CharacterBody3D/MAsked Gli/Armature/Skeleton" index="14" unique_id=724191067]
transform = Transform3D(0.9979494, -0.06399883, -0.0010154843, 0.06199283, 0.9703748, -0.23351595, 0.015930176, 0.23297417, 0.9723524, -0.17408217, 8.427945, 0.6572453)

[node name="Hair_027" parent="CharacterBody3D/MAsked Gli/Armature/Skeleton" index="15" unique_id=1791855920]
transform = Transform3D(0.9979494, -0.06399883, -0.0010154843, 0.06199283, 0.9703748, -0.23351595, 0.015930176, 0.23297417, 0.9723524, -0.17408217, 8.427945, 0.6572453)

[node name="Hair_028" parent="CharacterBody3D/MAsked Gli/Armature/Skeleton" index="16" unique_id=752217555]
transform = Transform3D(0.9979494, -0.06399883, -0.0010154843, 0.06199283, 0.9703748, -0.23351595, 0.015930176, 0.23297417, 0.9723524, -0.17408217, 8.427945, 0.6572453)

[node name="Hair_029" parent="CharacterBody3D/MAsked Gli/Armature/Skeleton" index="17" unique_id=1986281236]
transform = Transform3D(0.9979494, -0.06399883, -0.0010154843, 0.06199283, 0.9703748, -0.23351595, 0.015930176, 0.23297417, 0.9723524, -0.17408217, 8.427945, 0.6572453)

[node name="Hair_030" parent="CharacterBody3D/MAsked Gli/Armature/Skeleton" index="18" unique_id=532791653]
transform = Transform3D(0.9979494, -0.06399883, -0.0010154843, 0.06199283, 0.9703748, -0.23351595, 0.015930176, 0.23297417, 0.9723524, -0.17408217, 8.427945, 0.6572453)

[node name="Hair_031" parent="CharacterBody3D/MAsked Gli/Armature/Skeleton" index="19" unique_id=274816526]
transform = Transform3D(0.9979494, -0.06399883, -0.0010154843, 0.06199283, 0.9703748, -0.23351595, 0.015930176, 0.23297417, 0.9723524, -0.17408217, 8.427945, 0.6572453)

[node name="Hair_032" parent="CharacterBody3D/MAsked Gli/Armature/Skeleton" index="20" unique_id=138949315]
transform = Transform3D(0.9979494, -0.06399883, -0.0010154843, 0.06199283, 0.9703748, -0.23351595, 0.015930176, 0.23297417, 0.9723524, -0.17408217, 8.427945, 0.6572453)

[node name="Hair_033" parent="CharacterBody3D/MAsked Gli/Armature/Skeleton" index="21" unique_id=765586267]
transform = Transform3D(0.9979494, -0.06399883, -0.0010154843, 0.06199283, 0.9703748, -0.23351595, 0.015930176, 0.23297417, 0.9723524, -0.17408217, 8.427945, 0.6572453)

[node name="Hair_034" parent="CharacterBody3D/MAsked Gli/Armature/Skeleton" index="22" unique_id=1974956672]
transform = Transform3D(0.9979494, -0.06399883, -0.0010154843, 0.06199283, 0.9703748, -0.23351595, 0.015930176, 0.23297417, 0.9723524, -0.17408217, 8.427945, 0.6572453)

[node name="Icosphere" parent="CharacterBody3D/MAsked Gli/Armature/Skeleton" index="23" unique_id=257716365]
transform = Transform3D(0.9979494, -0.06399883, -0.0010154843, 0.06199283, 0.9703748, -0.23351595, 0.015930176, 0.23297417, 0.9723524, -0.17408217, 8.427945, 0.6572453)

[node name="RightArmGraft" parent="CharacterBody3D/MAsked Gli/Armature/Skeleton" index="46" unique_id=1562468153]
transform = Transform3D(-0.061424613, -0.9336506, -0.35287884, 0.9755216, -0.13095029, 0.1766634, -0.21115154, -0.33338928, 0.91883993, -1.4446292, 6.5851126, -1.0005405)

[node name="LeftLegGraft" parent="CharacterBody3D/MAsked Gli/Armature/Skeleton" index="47" unique_id=1148643271]
transform = Transform3D(-0.83158094, -0.21807283, -0.5108008, -0.08447007, -0.85933584, 0.5043875, -0.5489427, 0.4625864, 0.69618666, 0.5095957, 4.968708, 0.4239635)

[node name="ViolinPlace" parent="CharacterBody3D/MAsked Gli/Armature/Skeleton" index="48" unique_id=329092666]
transform = Transform3D(0.9422708, -0.12621899, -0.31015235, -0.015860613, 0.90837467, -0.41785637, 0.33447593, 0.39865303, 0.853933, 0.03291032, 7.1851835, 0.028465845)

[node name="AnimationTree" type="AnimationTree" parent="CharacterBody3D/MAsked Gli" parent_id_path=PackedInt32Array(1051319031, 1915688629) index="1" unique_id=1591773052]
tree_root = SubResource("AnimationNodeStateMachine_nmgd5")
anim_player = NodePath("../AnimationPlayer")
parameters/conditions/if = false

[node name="StateMachine" type="Node" parent="CharacterBody3D" unique_id=1219789439 node_paths=PackedStringArray("anim_tree", "initial_state")]
script = ExtResource("4_vnwsp")
anim_tree = NodePath("../MAsked Gli/AnimationTree")
initial_state = NodePath("Idle")

[node name="Idle" type="Node" parent="CharacterBody3D/StateMachine" unique_id=1312367721 node_paths=PackedStringArray("move_state", "jump_state", "fall_state")]
script = ExtResource("5_e7qpp")
move_state = NodePath("../Move")
jump_state = NodePath("../Jump")
fall_state = NodePath("../Fall")

[node name="Move" type="Node" parent="CharacterBody3D/StateMachine" unique_id=1999801501 node_paths=PackedStringArray("idle_state", "jump_state", "fall_state")]
script = ExtResource("6_epts5")
idle_state = NodePath("../Idle")
jump_state = NodePath("../Jump")
fall_state = NodePath("../Fall")

[node name="Jump" type="Node" parent="CharacterBody3D/StateMachine" unique_id=285905507 node_paths=PackedStringArray("fall_state")]
script = ExtResource("7_vbiel")
fall_state = NodePath("../Fall")

[node name="Fall" type="Node" parent="CharacterBody3D/StateMachine" unique_id=1373558540 node_paths=PackedStringArray("idle_state")]
script = ExtResource("8_yy0f5")
idle_state = NodePath("../Idle")

[node name="UI Elements" type="CanvasLayer" parent="." unique_id=1795206541]

[node name="Prompt" parent="UI Elements" unique_id=566110442 instance=ExtResource("9_xtfyx")]
visible = false

[node name="DialBox" parent="UI Elements" unique_id=1810109422 instance=ExtResource("10_8el4g")]
visible = false

[node name="DialogueManager" type="Node" parent="." unique_id=878336146 node_paths=PackedStringArray("dialBox")]
script = ExtResource("11_36i0r")
dialBox = NodePath("")

[node name="PromptManager" type="Node" parent="." unique_id=1355091734 node_paths=PackedStringArray("interactPrompt")]
script = ExtResource("12_10sd0")
interactPrompt = NodePath("")

[node name="CamMan" type="Node3D" parent="." unique_id=542385769]
transform = Transform3D(0.1, 0, 0, 0, 0.1, 0, 0, 0, 0.1, -2.007757, 0.3880672, -0.5472099)
script = ExtResource("13_i2rp3")
metadata/_custom_type_script = "uid://chd4v2dchvucb"

[node name="PauseHandler" type="Node" parent="." unique_id=1342752390 node_paths=PackedStringArray("canvas")]
process_mode = 3
script = ExtResource("14_pgn4x")
canvas = NodePath("")

[node name="Camera3D" type="Camera3D" parent="." unique_id=1273789110]
transform = Transform3D(-4.371139e-08, -0.3408062, 0.9401336, -8.881784e-16, 0.9401336, 0.3408062, -1, 1.489711e-08, -4.1094545e-08, 5.7409587, 1.9912975, 0)
fov = 45.0

[node name="DirectionalLight3D" type="DirectionalLight3D" parent="." unique_id=422567677]
transform = Transform3D(0.25146133, 0.81347, -0.5244365, -0.3142939, 0.5811138, 0.75068367, 0.9154159, -0.023940705, 0.40179637, -2.5129166, 5.2704983, 1.8088355)
light_color = Color(1, 0.6156863, 0.5647059, 1)
shadow_enabled = true

[node name="WorldEnvironment" type="WorldEnvironment" parent="." unique_id=410346906]
environment = SubResource("Environment_qrkdo")

[node name="StaticBody3D2" type="StaticBody3D" parent="." unique_id=294542588]
transform = Transform3D(0.255, 0, 0, 0, 0.255, 0, 0, 0, 0.255, 0, 0.3280159, -0.71449053)

[node name="CollisionShape3D6" type="CollisionShape3D" parent="StaticBody3D2" unique_id=580578140]
transform = Transform3D(0.37750942, 0, 0, 0, 0.37750942, 0, 0, 0, 0.37750942, 1.1670914, 2.9916773, -10.66327)
shape = SubResource("BoxShape3D_wx3jl")

[node name="Book House 1" parent="StaticBody3D2" unique_id=1295291594 instance=ExtResource("16_wf2ir")]
transform = Transform3D(0.13355392, 0, -5.207918, 0, 5.20963, 0, 5.207918, 0, 0.13355392, 2.1453648, 0.34588218, -9.785929)

[node name="Go To Market 1" type="Area3D" parent="." unique_id=528910441]
transform = Transform3D(-1.3280191, 0, -0.03405619, 0, 1.3284557, 0, 0.03405619, 0, -1.3280191, 16.401426, 0.41621584, 4.4547744)
collision_layer = 8
collision_mask = 2
script = ExtResource("17_kfukp")
target_street = "res://Market1.tscn"
spawn_name = "Spawn_FromMarket2"

[node name="CollisionShape3D" type="CollisionShape3D" parent="Go To Market 1" unique_id=913068486]
transform = Transform3D(1, 0, 0, 0, 1, 0, 0, 0, 1, 9.23571, -0.011968851, 1.9273071)
shape = SubResource("BoxShape3D_ji77o")

[node name="House 2" parent="." unique_id=129709670 instance=ExtResource("18_bni5b")]
transform = Transform3D(-0.75370014, 0, 0.021263443, 0, 0.754, 0, -0.021263443, 0, -0.75370014, 1.3710346, 0.57106256, 4.749648)

[connection signal="body_entered" from="Go To Market 1" to="Go To Market 1" method="_on_body_entered"]

[editable path="CharacterBody3D"]
[editable path="CharacterBody3D/MAsked Gli/Armature/Skeleton/ViolinPlace/Violin 1"]
[editable path="UI Elements/Prompt"]
