[gd_scene format=3 uid="uid://b6h47ochvh34p"]

[ext_resource type="Material" uid="uid://dh3t6o8pi6yk1" path="res://Textures/Paving Stones 138/PavingStones138_2K-JPG.tres" id="1_l7wkw"]
[ext_resource type="PackedScene" uid="uid://cy4o15k7ows4u" path="res://character.tscn" id="2_ok1mt"]
[ext_resource type="Script" uid="uid://6iauadqfys57" path="res://scripts/character.gd" id="3_lr2bl"]
[ext_resource type="Script" uid="uid://b6eyd3wj6fu6d" path="res://states/statemachine.gd" id="4_vnwsp"]
[ext_resource type="Script" uid="uid://bwlepq4swweko" path="res://states/idle_state.gd" id="5_e7qpp"]
[ext_resource type="Script" uid="uid://bxuwdx87nuwsm" path="res://states/move_state.gd" id="6_epts5"]
[ext_resource type="Script" uid="uid://blw1v4enclq7g" path="res://states/jump_state.gd" id="7_vbiel"]
[ext_resource type="Script" uid="uid://brs8yqwgni5t4" path="res://states/fall_state.gd" id="8_yy0f5"]
[ext_resource type="PackedScene" uid="uid://btbbvoxdixc6u" path="res://interactprompt.tscn" id="9_xtfyx"]
[ext_resource type="PackedScene" uid="uid://bcv71xsvoofkr" path="res://dial_box.tscn" id="10_8el4g"]
[ext_resource type="Script" uid="uid://bsvbxxmkshgvi" path="res://scripts/dialogue_manager.gd" id="11_36i0r"]
[ext_resource type="Script" uid="uid://c7wgluufenq2k" path="res://prompt_manager.gd" id="12_10sd0"]
[ext_resource type="Script" uid="uid://chd4v2dchvucb" path="res://scripts/CameraManager.gd" id="13_i2rp3"]
[ext_resource type="Script" uid="uid://dr88cobc5dqk4" path="res://scene_switcher.gd" id="14_pgn4x"]
[ext_resource type="Texture2D" uid="uid://dfc83pm5hqos8" path="res://Textures/Sky Panorama/Panorama_Sky_17-512x512.png" id="15_44xct"]
[ext_resource type="PackedScene" uid="uid://8b1xuokowhht" path="res://meshes/BookHouse/Book House 1.blend" id="16_wf2ir"]
[ext_resource type="Script" uid="uid://c7rrmgfhlcpwe" path="res://street_exit.gd" id="17_kfukp"]
[ext_resource type="PackedScene" uid="uid://dcowgxvbiylrh" path="res://meshes/House1/House 1.blend" id="18_bni5b"]

[sub_resource type="PlaneMesh" id="PlaneMesh_0r8xi"]
material = ExtResource("1_l7wkw")

[sub_resource type="BoxShape3D" id="BoxShape3D_icrfg"]
size = Vector3(1.9956055, 0.5073242, 1.9936523)

[sub_resource type="AnimationNodeAnimation" id="AnimationNodeAnimation_go3uk"]
animation = &"Idle Straight"

[sub_resource type="AnimationNodeAnimation" id="AnimationNodeAnimation_wdpcj"]
animation = &"Idle"
advance_on_start = true

[sub_resource type="AnimationNodeAnimation" id="AnimationNodeAnimation_qi5as"]
animation = &"Walk2"
advance_on_start = true

[sub_resource type="AnimationNodeStateMachineTransition" id="AnimationNodeStateMachineTransition_jb3kq"]
advance_mode = 2

[sub_resource type="AnimationNodeStateMachineTransition" id="AnimationNodeStateMachineTransition_c1b4b"]
xfade_time = 0.2
switch_mode = 1

[sub_resource type="AnimationNodeStateMachineTransition" id="AnimationNodeStateMachineTransition_7tnxx"]
xfade_time = 0.2

[sub_resource type="AnimationNodeStateMachineTransition" id="AnimationNodeStateMachineTransition_lyohd"]
advance_condition = &"if"

[sub_resource type="AnimationNodeStateMachineTransition" id="AnimationNodeStateMachineTransition_2ia7u"]

[sub_resource type="AnimationNodeStateMachineTransition" id="AnimationNodeStateMachineTransition_0fer6"]

[sub_resource type="AnimationNodeStateMachineTransition" id="AnimationNodeStateMachineTransition_aeagw"]

[sub_resource type="AnimationNodeStateMachine" id="AnimationNodeStateMachine_nmgd5"]
states/Idle/node = SubResource("AnimationNodeAnimation_wdpcj")
states/Idle/position = Vector2(339.33337, 100.44444)
"states/Idle Pause/node" = SubResource("AnimationNodeAnimation_go3uk")
"states/Idle Pause/position" = Vector2(485.3333, 241.33333)
states/Walk/node = SubResource("AnimationNodeAnimation_qi5as")
states/Walk/position = Vector2(686.6667, 122.666664)
transitions = ["Start", "Idle", SubResource("AnimationNodeStateMachineTransition_jb3kq"), "Idle", "Walk", SubResource("AnimationNodeStateMachineTransition_c1b4b"), "Walk", "Idle", SubResource("AnimationNodeStateMachineTransition_7tnxx"), "Idle", "Idle Pause", SubResource("AnimationNodeStateMachineTransition_lyohd"), "Idle Pause", "Idle", SubResource("AnimationNodeStateMachineTransition_2ia7u"), "Idle Pause", "Walk", SubResource("AnimationNodeStateMachineTransition_0fer6"), "Walk", "Idle Pause", SubResource("AnimationNodeStateMachineTransition_aeagw")]
graph_offset = Vector2(68, 52)

[sub_resource type="PanoramaSkyMaterial" id="PanoramaSkyMaterial_7itcq"]
panorama = ExtResource("15_44xct")

[sub_resource type="Sky" id="Sky_ks7nf"]
sky_material = SubResource("PanoramaSkyMaterial_7itcq")

[sub_resource type="Environment" id="Environment_qrkdo"]
background_mode = 2
sky = SubResource("Sky_ks7nf")
sky_rotation = Vector3(0, 0.31939524, 0)
ambient_light_source = 3
ssao_enabled = true
ssil_enabled = true
sdfgi_enabled = true
sdfgi_use_occlusion = true
glow_enabled = true
glow_intensity = 0.1
volumetric_fog_enabled = true
volumetric_fog_density = 0.005

[sub_resource type="BoxShape3D" id="BoxShape3D_wx3jl"]
size = Vector3(19.714804, 13.973022, 44.465294)

[sub_resource type="BoxShape3D" id="BoxShape3D_ji77o"]
size = Vector3(1, 2.0124512, 13.710327)

[sub_resource type="BoxShape3D" id="BoxShape3D_ok1mt"]
size = Vector3(0.5463867, 1, 7.7749023)

[node name="Market1" type="Node3D" unique_id=1437225535]

[node name="Spawn_FromMarket1" type="Marker3D" parent="." unique_id=1676370970]
transform = Transform3D(3.955, 0, 0, 0, 3.955, 0, 0, 0, 3.955, 1.8796775, 0.4884258, 0.76755965)

[node name="StaticBody3D" type="StaticBody3D" parent="." unique_id=102186674]

[node name="MeshInstance3D" type="MeshInstance3D" parent="StaticBody3D" unique_id=1196922909]
transform = Transform3D(3.955, 0, 0, 0, 3.955, 0, 0, 0, 3.955, 0, 0, 0)
mesh = SubResource("PlaneMesh_0r8xi")

[node name="CollisionShape3D" type="CollisionShape3D" parent="StaticBody3D" unique_id=1637384215]
transform = Transform3D(3.955, 0, 0, 0, 3.955, 0, 0, 0, 3.955, -0.016235352, -1.0047197, 0.0004131794)
shape = SubResource("BoxShape3D_icrfg")

[node name="CharacterBody3D" parent="." unique_id=1051319031 instance=ExtResource("2_ok1mt")]
transform = Transform3D(-0.15, 0, -1.3113417e-08, 0, 0.15, 0, 1.3113417e-08, 0, -0.15, 1.8115263, 0.11513364, 0.9240847)
script = ExtResource("3_lr2bl")

[node name="Armature" parent="CharacterBody3D/MAsked Gli" parent_id_path=PackedInt32Array(1051319031, 1915688629) index="0" unique_id=1424227123]
transform = Transform3D(0.9999999, 0, 0, 0, 1, 0, 0, 0, 0.9999999, 0, 0, 0)

[node name="Skeleton" parent="CharacterBody3D/MAsked Gli/Armature" index="0" unique_id=311386290]
bones/0/position = Vector3(0.03398925, 5.2895255, -0.030883968)
bones/0/rotation = Quaternion(-0.03957461, -0.36592162, -0.014133479, 0.9296965)
bones/1/rotation = Quaternion(0.047529202, 0.0399708, -0.008558086, 0.9980331)
bones/2/rotation = Quaternion(0.09482227, 0.0804572, -0.017033929, 0.99209136)
bones/3/rotation = Quaternion(0.09482231, 0.0804572, -0.017033933, 0.99209136)
bones/4/rotation = Quaternion(-0.019698305, -0.010610368, 0.001702268, 0.9997483)
bones/5/rotation = Quaternion(-0.0713685, 0.17758389, -0.0020236117, 0.98151237)
bones/8/rotation = Quaternion(0.46974716, 0.5143205, 0.47774717, -0.5353222)
bones/9/rotation = Quaternion(-0.013510762, 0.9689952, -0.21690069, 0.117557675)
bones/10/rotation = Quaternion(0.1416897, -0.8602172, 0.2652551, 0.4118133)
bones/11/rotation = Quaternion(0.0149657875, 0.7350398, 0.16383304, 0.6577624)
bones/13/rotation = Quaternion(0.4402558, -0.54410976, -0.52043027, -0.48915404)
bones/14/rotation = Quaternion(0.19703329, 0.9594347, -0.19938831, 0.03012002)
bones/15/rotation = Quaternion(0.12717779, 0.87631965, -0.16015704, 0.43616456)
bones/16/rotation = Quaternion(0.14466517, -0.6544172, 0.020363009, 0.74188644)
bones/18/rotation = Quaternion(0.06951882, 0.2118728, 0.97289026, -0.061332297)
bones/19/rotation = Quaternion(0.03976948, 0.94614685, -0.30726796, -0.093867995)
bones/20/rotation = Quaternion(-0.013745069, 0.66294307, -0.74840206, 0.014556785)
bones/21/rotation = Quaternion(0.028163005, 0.9993663, 0.020317625, -0.00782071)
bones/24/rotation = Quaternion(-0.12620147, -0.0039278725, 0.98824024, 0.08625022)
bones/25/rotation = Quaternion(0.023922216, 0.9600824, -0.2609421, -0.09787198)
bones/26/rotation = Quaternion(0.08098661, 0.5514045, -0.8263919, -0.08044044)
bones/27/rotation = Quaternion(0.0035799847, 0.999859, 0.016051054, -0.0034274487)

[node name="Hair_012" parent="CharacterBody3D/MAsked Gli/Armature/Skeleton" index="0" unique_id=1287714080]
transform = Transform3D(0.9970322, -0.07687841, -0.0040439665, 0.07441396, 0.97586906, -0.20528525, 0.019728273, 0.20437503, 0.97869384, -0.14919281, 8.45775, 0.65495354)

[node name="Hair_013" parent="CharacterBody3D/MAsked Gli/Armature/Skeleton" index="1" unique_id=873901604]
transform = Transform3D(0.9970322, -0.07687841, -0.0040439665, 0.07441396, 0.97586906, -0.20528525, 0.019728273, 0.20437503, 0.97869384, -0.14919281, 8.45775, 0.65495354)

[node name="Hair_014" parent="CharacterBody3D/MAsked Gli/Armature/Skeleton" index="2" unique_id=476379738]
transform = Transform3D(0.9970322, -0.07687841, -0.0040439665, 0.07441396, 0.97586906, -0.20528525, 0.019728273, 0.20437503, 0.97869384, -0.14919281, 8.45775, 0.65495354)

[node name="Hair_015" parent="CharacterBody3D/MAsked Gli/Armature/Skeleton" index="3" unique_id=1497028541]
transform = Transform3D(0.9970322, -0.07687841, -0.0040439665, 0.07441396, 0.97586906, -0.20528525, 0.019728273, 0.20437503, 0.97869384, -0.14919281, 8.45775, 0.65495354)

[node name="Hair_016" parent="CharacterBody3D/MAsked Gli/Armature/Skeleton" index="4" unique_id=2050593926]
transform = Transform3D(0.9970322, -0.07687841, -0.0040439665, 0.07441396, 0.97586906, -0.20528525, 0.019728273, 0.20437503, 0.97869384, -0.14919281, 8.45775, 0.65495354)

[node name="Hair_017" parent="CharacterBody3D/MAsked Gli/Armature/Skeleton" index="5" unique_id=524858109]
transform = Transform3D(0.9970322, -0.07687841, -0.0040439665, 0.07441396, 0.97586906, -0.20528525, 0.019728273, 0.20437503, 0.97869384, -0.14919281, 8.45775, 0.65495354)

[node name="Hair_018" parent="CharacterBody3D/MAsked Gli/Armature/Skeleton" index="6" unique_id=1687165182]
transform = Transform3D(0.9970322, -0.07687841, -0.0040439665, 0.07441396, 0.97586906, -0.20528525, 0.019728273, 0.20437503, 0.97869384, -0.14919281, 8.45775, 0.65495354)

[node name="Hair_019" parent="CharacterBody3D/MAsked Gli/Armature/Skeleton" index="7" unique_id=1727726647]
transform = Transform3D(0.9970322, -0.07687841, -0.0040439665, 0.07441396, 0.97586906, -0.20528525, 0.019728273, 0.20437503, 0.97869384, -0.14919281, 8.45775, 0.65495354)

[node name="Hair_020" parent="CharacterBody3D/MAsked Gli/Armature/Skeleton" index="8" unique_id=25484365]
transform = Transform3D(0.9970322, -0.07687841, -0.0040439665, 0.07441396, 0.97586906, -0.20528525, 0.019728273, 0.20437503, 0.97869384, -0.14919281, 8.45775, 0.65495354)

[node name="Hair_021" parent="CharacterBody3D/MAsked Gli/Armature/Skeleton" index="9" unique_id=1073871996]
transform = Transform3D(0.9970322, -0.07687841, -0.0040439665, 0.07441396, 0.97586906, -0.20528525, 0.019728273, 0.20437503, 0.97869384, -0.14919281, 8.45775, 0.65495354)

[node name="Hair_022" parent="CharacterBody3D/MAsked Gli/Armature/Skeleton" index="10" unique_id=1561061912]
transform = Transform3D(0.9970322, -0.07687841, -0.0040439665, 0.07441396, 0.97586906, -0.20528525, 0.019728273, 0.20437503, 0.97869384, -0.14919281, 8.45775, 0.65495354)

[node name="Hair_023" parent="CharacterBody3D/MAsked Gli/Armature/Skeleton" index="11" unique_id=1993777387]
transform = Transform3D(0.9970322, -0.07687841, -0.0040439665, 0.07441396, 0.97586906, -0.20528525, 0.019728273, 0.20437503, 0.97869384, -0.14919281, 8.45775, 0.65495354)

[node name="Hair_024" parent="CharacterBody3D/MAsked Gli/Armature/Skeleton" index="12" unique_id=232467729]
transform = Transform3D(0.9970322, -0.07687841, -0.0040439665, 0.07441396, 0.97586906, -0.20528525, 0.019728273, 0.20437503, 0.97869384, -0.14919281, 8.45775, 0.65495354)

[node name="Hair_025" parent="CharacterBody3D/MAsked Gli/Armature/Skeleton" index="13" unique_id=1273808181]
transform = Transform3D(0.9970322, -0.07687841, -0.0040439665, 0.07441396, 0.97586906, -0.20528525, 0.019728273, 0.20437503, 0.97869384, -0.14919281, 8.45775, 0.65495354)

[node name="Hair_026" parent="CharacterBody3D/MAsked Gli/Armature/Skeleton" index="14" unique_id=724191067]
transform = Transform3D(0.9970322, -0.07687841, -0.0040439665, 0.07441396, 0.97586906, -0.20528525, 0.019728273, 0.20437503, 0.97869384, -0.14919281, 8.45775, 0.65495354)

[node name="Hair_027" parent="CharacterBody3D/MAsked Gli/Armature/Skeleton" index="15" unique_id=1791855920]
transform = Transform3D(0.9970322, -0.07687841, -0.0040439665, 0.07441396, 0.97586906, -0.20528525, 0.019728273, 0.20437503, 0.97869384, -0.14919281, 8.45775, 0.65495354)

[node name="Hair_028" parent="CharacterBody3D/MAsked Gli/Armature/Skeleton" index="16" unique_id=752217555]
transform = Transform3D(0.9970322, -0.07687841, -0.0040439665, 0.07441396, 0.97586906, -0.20528525, 0.019728273, 0.20437503, 0.97869384, -0.14919281, 8.45775, 0.65495354)

[node name="Hair_029" parent="CharacterBody3D/MAsked Gli/Armature/Skeleton" index="17" unique_id=1986281236]
transform = Transform3D(0.9970322, -0.07687841, -0.0040439665, 0.07441396, 0.97586906, -0.20528525, 0.019728273, 0.20437503, 0.97869384, -0.14919281, 8.45775, 0.65495354)

[node name="Hair_030" parent="CharacterBody3D/MAsked Gli/Armature/Skeleton" index="18" unique_id=532791653]
transform = Transform3D(0.9970322, -0.07687841, -0.0040439665, 0.07441396, 0.97586906, -0.20528525, 0.019728273, 0.20437503, 0.97869384, -0.14919281, 8.45775, 0.65495354)

[node name="Hair_031" parent="CharacterBody3D/MAsked Gli/Armature/Skeleton" index="19" unique_id=274816526]
transform = Transform3D(0.9970322, -0.07687841, -0.0040439665, 0.07441396, 0.97586906, -0.20528525, 0.019728273, 0.20437503, 0.97869384, -0.14919281, 8.45775, 0.65495354)

[node name="Hair_032" parent="CharacterBody3D/MAsked Gli/Armature/Skeleton" index="20" unique_id=138949315]
transform = Transform3D(0.9970322, -0.07687841, -0.0040439665, 0.07441396, 0.97586906, -0.20528525, 0.019728273, 0.20437503, 0.97869384, -0.14919281, 8.45775, 0.65495354)

[node name="Hair_033" parent="CharacterBody3D/MAsked Gli/Armature/Skeleton" index="21" unique_id=765586267]
transform = Transform3D(0.9970322, -0.07687841, -0.0040439665, 0.07441396, 0.97586906, -0.20528525, 0.019728273, 0.20437503, 0.97869384, -0.14919281, 8.45775, 0.65495354)

[node name="Hair_034" parent="CharacterBody3D/MAsked Gli/Armature/Skeleton" index="22" unique_id=1974956672]
transform = Transform3D(0.9970322, -0.07687841, -0.0040439665, 0.07441396, 0.97586906, -0.20528525, 0.019728273, 0.20437503, 0.97869384, -0.14919281, 8.45775, 0.65495354)

[node name="Icosphere" parent="CharacterBody3D/MAsked Gli/Armature/Skeleton" index="23" unique_id=257716365]
transform = Transform3D(0.9970322, -0.07687841, -0.0040439665, 0.07441396, 0.97586906, -0.20528525, 0.019728273, 0.20437503, 0.97869384, -0.14919281, 8.45775, 0.65495354)

[node name="RightArmGraft" parent="CharacterBody3D/MAsked Gli/Armature/Skeleton" index="46" unique_id=1562468153]
transform = Transform3D(-0.10240063, -0.93711144, -0.33367094, 0.9677253, -0.17149459, 0.1846542, -0.23026438, -0.3039933, 0.9244275, -1.4178905, 6.647998, -0.995281)

[node name="LeftLegGraft" parent="CharacterBody3D/MAsked Gli/Armature/Skeleton" index="47" unique_id=1148643271]
transform = Transform3D(-0.83372736, -0.21521969, -0.50850654, -0.07866598, -0.86522466, 0.49517435, -0.5465436, 0.45284262, 0.70443124, 0.51236594, 4.9866557, 0.46099505)

[node name="ViolinPlace" parent="CharacterBody3D/MAsked Gli/Armature/Skeleton" index="48" unique_id=329092666]
transform = Transform3D(0.9417123, -0.115624875, -0.31592536, -0.018023297, 0.92039376, -0.39057702, 0.33593613, 0.37350518, 0.86466223, 0.048890457, 7.2059717, 0.046812966)

[node name="AnimationTree" type="AnimationTree" parent="CharacterBody3D/MAsked Gli" parent_id_path=PackedInt32Array(1051319031, 1915688629) index="1" unique_id=1591773052]
tree_root = SubResource("AnimationNodeStateMachine_nmgd5")
anim_player = NodePath("../AnimationPlayer")
parameters/conditions/if = false

[node name="StateMachine" type="Node" parent="CharacterBody3D" unique_id=1219789439 node_paths=PackedStringArray("anim_tree", "initial_state")]
script = ExtResource("4_vnwsp")
anim_tree = NodePath("../MAsked Gli/AnimationTree")
initial_state = NodePath("Idle")

[node name="Idle" type="Node" parent="CharacterBody3D/StateMachine" unique_id=1312367721 node_paths=PackedStringArray("move_state", "jump_state", "fall_state")]
script = ExtResource("5_e7qpp")
move_state = NodePath("../Move")
jump_state = NodePath("../Jump")
fall_state = NodePath("../Fall")

[node name="Move" type="Node" parent="CharacterBody3D/StateMachine" unique_id=1999801501 node_paths=PackedStringArray("idle_state", "jump_state", "fall_state")]
script = ExtResource("6_epts5")
idle_state = NodePath("../Idle")
jump_state = NodePath("../Jump")
fall_state = NodePath("../Fall")

[node name="Jump" type="Node" parent="CharacterBody3D/StateMachine" unique_id=285905507 node_paths=PackedStringArray("fall_state")]
script = ExtResource("7_vbiel")
fall_state = NodePath("../Fall")

[node name="Fall" type="Node" parent="CharacterBody3D/StateMachine" unique_id=1373558540 node_paths=PackedStringArray("idle_state")]
script = ExtResource("8_yy0f5")
idle_state = NodePath("../Idle")

[node name="UI Elements" type="CanvasLayer" parent="." unique_id=1795206541]

[node name="Prompt" parent="UI Elements" unique_id=566110442 instance=ExtResource("9_xtfyx")]
visible = false

[node name="DialBox" parent="UI Elements" unique_id=1810109422 instance=ExtResource("10_8el4g")]
visible = false

[node name="DialogueManager" type="Node" parent="." unique_id=878336146]
script = ExtResource("11_36i0r")

[node name="PromptManager" type="Node" parent="." unique_id=1355091734]
script = ExtResource("12_10sd0")

[node name="CamMan" type="Node3D" parent="." unique_id=542385769]
transform = Transform3D(0.1, 0, 0, 0, 0.1, 0, 0, 0, 0.1, -2.007757, 0.3880672, -0.5472099)
script = ExtResource("13_i2rp3")
metadata/_custom_type_script = "uid://chd4v2dchvucb"

[node name="PauseHandler" type="Node" parent="." unique_id=1342752390]
process_mode = 3
script = ExtResource("14_pgn4x")

[node name="Camera3D" type="Camera3D" parent="." unique_id=1273789110]
transform = Transform3D(-4.371139e-08, -0.3408062, 0.9401336, -8.881784e-16, 0.9401336, 0.3408062, -1, 1.489711e-08, -4.1094545e-08, 5.7409587, 1.9912975, 0)
fov = 45.0

[node name="DirectionalLight3D" type="DirectionalLight3D" parent="." unique_id=422567677]
transform = Transform3D(0.25146133, 0.81347, -0.5244365, -0.3142939, 0.5811138, 0.75068367, 0.9154159, -0.023940705, 0.40179637, -2.5129166, 5.2704983, 1.8088355)
light_color = Color(1, 0.6156863, 0.5647059, 1)
shadow_enabled = true

[node name="WorldEnvironment" type="WorldEnvironment" parent="." unique_id=410346906]
environment = SubResource("Environment_qrkdo")

[node name="StaticBody3D2" type="StaticBody3D" parent="." unique_id=294542588]
transform = Transform3D(0.255, 0, 0, 0, 0.255, 0, 0, 0, 0.255, 0, 0.3280159, -0.71449053)

[node name="CollisionShape3D6" type="CollisionShape3D" parent="StaticBody3D2" unique_id=580578140]
transform = Transform3D(0.37750942, 0, 0, 0, 0.37750942, 0, 0, 0, 0.37750942, 1.1670914, 2.9916773, -10.66327)
shape = SubResource("BoxShape3D_wx3jl")

[node name="Book House 1" parent="StaticBody3D2" unique_id=1295291594 instance=ExtResource("16_wf2ir")]
transform = Transform3D(0.13355392, 0, -5.207918, 0, 5.20963, 0, 5.207918, 0, 0.13355392, 2.1453648, 0.34588218, -9.785929)

[node name="Go To Market 1" type="Area3D" parent="." unique_id=528910441]
transform = Transform3D(-1.3280191, 0, -0.03405619, 0, 1.3284557, 0, 0.03405619, 0, -1.3280191, 16.401426, 0.41621584, 4.4547744)
collision_layer = 8
collision_mask = 2
script = ExtResource("17_kfukp")
target_street = "res://Market1.tscn"
spawn_name = "Spawn_FromMarket2"

[node name="CollisionShape3D" type="CollisionShape3D" parent="Go To Market 1" unique_id=913068486]
transform = Transform3D(1, 0, 0, 0, 1, 0, 0, 0, 1, 9.23571, -0.011968851, 1.9273071)
shape = SubResource("BoxShape3D_ji77o")

[node name="House 2" parent="." unique_id=129709670 instance=ExtResource("18_bni5b")]
transform = Transform3D(-0.75370014, 0, 0.021263443, 0, 0.754, 0, -0.021263443, 0, -0.75370014, 1.3710346, 0.57106256, 4.749648)

[node name="StaticBody3D3" type="StaticBody3D" parent="." unique_id=67089886]

[node name="CollisionShape3D" type="CollisionShape3D" parent="StaticBody3D3" unique_id=1361159481]
transform = Transform3D(1, 0, 0, 0, 1, 0, 0, 0, 1, -3.963623, 0, -0.05883789)
shape = SubResource("BoxShape3D_ok1mt")

[node name="CollisionShape3D2" type="CollisionShape3D" parent="StaticBody3D3" unique_id=283782058]
transform = Transform3D(-4.371139e-08, 0, -1, 0, 1, 0, 1, 0, -4.371139e-08, -0.09013367, 0, 3.963708)
shape = SubResource("BoxShape3D_ok1mt")

[node name="CollisionShape3D3" type="CollisionShape3D" parent="StaticBody3D3" unique_id=1515200762]
transform = Transform3D(-4.371139e-08, 0, -1, 0, 1, 0, 1, 0, -4.371139e-08, -0.09013367, 0, -3.9722567)
shape = SubResource("BoxShape3D_ok1mt")

[connection signal="body_entered" from="Go To Market 1" to="Go To Market 1" method="_on_body_entered"]

[editable path="CharacterBody3D"]
[editable path="CharacterBody3D/MAsked Gli/Armature/Skeleton/ViolinPlace/Violin 1"]
[editable path="UI Elements/Prompt"]
