[gd_scene format=3 uid="uid://caa206tiuvujl"]

[ext_resource type="PackedScene" uid="uid://cy4o15k7ows4u" path="res://character.tscn" id="1_h510c"]
[ext_resource type="Script" uid="uid://chd4v2dchvucb" path="res://scripts/CameraManager.gd" id="1_v6na3"]
[ext_resource type="Material" uid="uid://cg4gs15tqn333" path="res://Textures/Cobblestone Texture/PavingStones150_2K-JPG.tres" id="2_p2ddc"]
[ext_resource type="Script" uid="uid://6iauadqfys57" path="res://scripts/character.gd" id="2_tpdbc"]
[ext_resource type="PackedScene" uid="uid://cc7rdfj4o8qop" path="res://gate.tscn" id="3_tpdbc"]
[ext_resource type="Texture2D" uid="uid://i8gbbanx051j" path="res://Textures/Metal Texture/Metal061B_1K-JPG_Color.jpg" id="4_pkn1g"]
[ext_resource type="ArrayMesh" uid="uid://bdhnp1u6wvsac" path="res://meshes/Gli Mesh 1/Shin Guard R.tres" id="4_rdw12"]
[ext_resource type="PackedScene" uid="uid://dyyex5sxricmd" path="res://camera_switch.tscn" id="5_5ofox"]
[ext_resource type="Texture2D" uid="uid://x1v5ta3rhyiv" path="res://Textures/Metal Texture/Metal061B_1K-JPG_Metalness.jpg" id="5_p2ddc"]
[ext_resource type="Script" uid="uid://b6eyd3wj6fu6d" path="res://states/statemachine.gd" id="5_u8cg8"]
[ext_resource type="Texture2D" uid="uid://beuamqsbnu405" path="res://Textures/Metal Texture/Metal061B_1K-JPG_NormalGL.jpg" id="6_3qlte"]
[ext_resource type="Texture2D" uid="uid://bixdkk52hjtpk" path="res://images/NightEnvironmentHDRI009_8K_TONEMAPPED.jpg" id="6_6aibh"]
[ext_resource type="Script" uid="uid://bwlepq4swweko" path="res://states/idle_state.gd" id="6_ecyt6"]
[ext_resource type="PackedScene" uid="uid://b6cogfpad2l2y" path="res://npc.tscn" id="6_v6na3"]
[ext_resource type="Texture2D" uid="uid://w6pbcn4rerfq" path="res://Textures/Metal Texture/Metal061B_1K-JPG_Roughness.jpg" id="7_3w14h"]
[ext_resource type="PackedScene" uid="uid://btbbvoxdixc6u" path="res://interactprompt.tscn" id="7_aemyc"]
[ext_resource type="Script" uid="uid://bxuwdx87nuwsm" path="res://states/move_state.gd" id="7_q5bly"]
[ext_resource type="Script" uid="uid://c7wgluufenq2k" path="res://prompt_manager.gd" id="8_llqyr"]
[ext_resource type="Script" uid="uid://bsvbxxmkshgvi" path="res://scripts/dialogue_manager.gd" id="8_rpvj6"]
[ext_resource type="Script" uid="uid://blw1v4enclq7g" path="res://states/jump_state.gd" id="8_vb42h"]
[ext_resource type="PackedScene" uid="uid://bcv71xsvoofkr" path="res://dial_box.tscn" id="9_ldbg2"]
[ext_resource type="Script" uid="uid://brs8yqwgni5t4" path="res://states/fall_state.gd" id="9_rvbf0"]
[ext_resource type="Script" uid="uid://dr88cobc5dqk4" path="res://scene_switcher.gd" id="18_3qlte"]

[sub_resource type="BoxShape3D" id="BoxShape3D_6aibh"]
size = Vector3(5, 0.05, 5.0010996)

[sub_resource type="BoxMesh" id="BoxMesh_0dcuh"]
material = ExtResource("2_p2ddc")
size = Vector3(5, 0.05, 5)

[sub_resource type="BoxShape3D" id="BoxShape3D_ldbg2"]
size = Vector3(5, 0.05, 5.003685)

[sub_resource type="BoxShape3D" id="BoxShape3D_m4gng"]
size = Vector3(5, 0.05, 1)

[sub_resource type="BoxShape3D" id="BoxShape3D_5ofox"]
size = Vector3(4.8234863, 0.8737793, 0.025390625)

[sub_resource type="BoxShape3D" id="BoxShape3D_v6na3"]
size = Vector3(1.9360962, 0.8737793, 0.025390625)

[sub_resource type="BoxShape3D" id="BoxShape3D_aemyc"]
size = Vector3(1.9038696, 0.8737793, 0.025390625)

[sub_resource type="StandardMaterial3D" id="StandardMaterial3D_ixbh1"]
resource_name = "Metal061B"
vertex_color_use_as_albedo = true
albedo_color = Color(0.9063318, 0.9063318, 0.9063318, 1)
albedo_texture = ExtResource("4_pkn1g")
metallic = 1.0
metallic_texture = ExtResource("5_p2ddc")
roughness_texture = ExtResource("7_3w14h")
emission_enabled = true
emission = Color(1, 1, 1, 1)
emission_energy_multiplier = 0.0
normal_enabled = true
normal_scale = 0.0
normal_texture = ExtResource("6_3qlte")

[sub_resource type="AnimationNodeAnimation" id="AnimationNodeAnimation_go3uk"]
animation = &"Idle Straight"

[sub_resource type="AnimationNodeAnimation" id="AnimationNodeAnimation_wdpcj"]
animation = &"Idle"
advance_on_start = true

[sub_resource type="AnimationNodeAnimation" id="AnimationNodeAnimation_qi5as"]
animation = &"Walk2"
advance_on_start = true

[sub_resource type="AnimationNodeStateMachineTransition" id="AnimationNodeStateMachineTransition_jb3kq"]
advance_mode = 2

[sub_resource type="AnimationNodeStateMachineTransition" id="AnimationNodeStateMachineTransition_c1b4b"]
xfade_time = 0.2
switch_mode = 1

[sub_resource type="AnimationNodeStateMachineTransition" id="AnimationNodeStateMachineTransition_7tnxx"]
xfade_time = 0.2

[sub_resource type="AnimationNodeStateMachineTransition" id="AnimationNodeStateMachineTransition_lyohd"]
advance_condition = &"if"

[sub_resource type="AnimationNodeStateMachineTransition" id="AnimationNodeStateMachineTransition_2ia7u"]

[sub_resource type="AnimationNodeStateMachineTransition" id="AnimationNodeStateMachineTransition_0fer6"]

[sub_resource type="AnimationNodeStateMachineTransition" id="AnimationNodeStateMachineTransition_aeagw"]

[sub_resource type="AnimationNodeStateMachine" id="AnimationNodeStateMachine_u8cg8"]
states/Idle/node = SubResource("AnimationNodeAnimation_wdpcj")
states/Idle/position = Vector2(339.33337, 100.44444)
"states/Idle Pause/node" = SubResource("AnimationNodeAnimation_go3uk")
"states/Idle Pause/position" = Vector2(485.3333, 241.33333)
states/Walk/node = SubResource("AnimationNodeAnimation_qi5as")
states/Walk/position = Vector2(686.6667, 122.666664)
transitions = ["Start", "Idle", SubResource("AnimationNodeStateMachineTransition_jb3kq"), "Idle", "Walk", SubResource("AnimationNodeStateMachineTransition_c1b4b"), "Walk", "Idle", SubResource("AnimationNodeStateMachineTransition_7tnxx"), "Idle", "Idle Pause", SubResource("AnimationNodeStateMachineTransition_lyohd"), "Idle Pause", "Idle", SubResource("AnimationNodeStateMachineTransition_2ia7u"), "Idle Pause", "Walk", SubResource("AnimationNodeStateMachineTransition_0fer6"), "Walk", "Idle Pause", SubResource("AnimationNodeStateMachineTransition_aeagw")]
graph_offset = Vector2(68, 52)

[sub_resource type="PanoramaSkyMaterial" id="PanoramaSkyMaterial_rdw12"]
panorama = ExtResource("6_6aibh")

[sub_resource type="Sky" id="Sky_v6na3"]
sky_material = SubResource("PanoramaSkyMaterial_rdw12")

[sub_resource type="Environment" id="Environment_5ofox"]
background_mode = 2
sky = SubResource("Sky_v6na3")
volumetric_fog_density = 0.01

[sub_resource type="CameraAttributesPractical" id="CameraAttributesPractical_v6na3"]

[sub_resource type="Compositor" id="Compositor_aemyc"]

[sub_resource type="BoxShape3D" id="BoxShape3D_llqyr"]
size = Vector3(6.5964355, 1, 4.4262695)

[sub_resource type="BoxShape3D" id="BoxShape3D_rpvj6"]
size = Vector3(9.52002, 1, 4.0913086)

[sub_resource type="BoxShape3D" id="BoxShape3D_tpdbc"]
size = Vector3(5, 0.05, 2.5141659)

[sub_resource type="Animation" id="Animation_v6na3"]
length = 0.001
tracks/0/type = "bezier"
tracks/0/imported = false
tracks/0/enabled = true
tracks/0/path = NodePath(".:position:y")
tracks/0/interp = 1
tracks/0/loop_wrap = true
tracks/0/keys = {
"handle_modes": PackedInt32Array(0),
"points": PackedFloat32Array(0, -0.25, 0, 0.25, 0),
"times": PackedFloat32Array(0)
}

[sub_resource type="Animation" id="Animation_aemyc"]
resource_name = "new_animation"
length = 2.0
loop_mode = 1
tracks/0/type = "bezier"
tracks/0/imported = false
tracks/0/enabled = false
tracks/0/path = NodePath(".:position:x")
tracks/0/interp = 1
tracks/0/loop_wrap = true
tracks/0/keys = {
"handle_modes": PackedInt32Array(),
"points": PackedFloat32Array(),
"times": PackedFloat32Array()
}
tracks/1/type = "bezier"
tracks/1/imported = false
tracks/1/enabled = true
tracks/1/path = NodePath(".:position:y")
tracks/1/interp = 1
tracks/1/loop_wrap = true
tracks/1/keys = {
"handle_modes": PackedInt32Array(0, 0, 0),
"points": PackedFloat32Array(0.2, -0.25, 0, 0.25, 0, 0.3, -0.444, 0, 0, 0, 0.2, -0.08333333, 0, 0, 0),
"times": PackedFloat32Array(0, 1, 2)
}
tracks/2/type = "bezier"
tracks/2/imported = false
tracks/2/enabled = false
tracks/2/path = NodePath(".:position:z")
tracks/2/interp = 1
tracks/2/loop_wrap = true
tracks/2/keys = {
"handle_modes": PackedInt32Array(),
"points": PackedFloat32Array(),
"times": PackedFloat32Array()
}

[sub_resource type="AnimationLibrary" id="AnimationLibrary_llqyr"]
_data = {
&"RESET": SubResource("Animation_v6na3"),
&"new_animation": SubResource("Animation_aemyc")
}

[node name="Node3D" type="Node3D" unique_id=565278368]
process_mode = 1
script = ExtResource("1_v6na3")

[node name="Floor2" type="StaticBody3D" parent="." unique_id=2037800570]
transform = Transform3D(1, 0, 0, 0, 1, 0, 0, 0, 1, 9.872565, -0.05, 0)

[node name="CollisionShape3D" type="CollisionShape3D" parent="Floor2" unique_id=85310285]
transform = Transform3D(1, 0, 0, 0, 1, 0, 0, 0, 1, 0, 0, 0.0049328804)
shape = SubResource("BoxShape3D_6aibh")

[node name="MeshInstance3D" type="MeshInstance3D" parent="Floor2" unique_id=323122552]
mesh = SubResource("BoxMesh_0dcuh")

[node name="Floor3" type="StaticBody3D" parent="." unique_id=1964660199]
transform = Transform3D(1, 0, 0, 0, 1, 0, 0, 0, 1, 4.823659, -0.05, 6.1366615)

[node name="CollisionShape3D" type="CollisionShape3D" parent="Floor3" unique_id=229672055]
transform = Transform3D(1, 0, 0, 0, 1, 0, 0, 0, 1, 0, 0, 0.014404297)
shape = SubResource("BoxShape3D_ldbg2")

[node name="MeshInstance3D" type="MeshInstance3D" parent="Floor3" unique_id=1736472278]
mesh = SubResource("BoxMesh_0dcuh")

[node name="Walkway" type="StaticBody3D" parent="." unique_id=428128473]
transform = Transform3D(1, 0, 0, 0, 1, 0, 0, 0, 1, 3.1906266, -0.05, 0)

[node name="CollisionShape3D" type="CollisionShape3D" parent="Walkway" unique_id=1190560851]
transform = Transform3D(1, 0, 0, 0, 1, 0, 0, 0, 1, 1.8027163, 0, 0)
shape = SubResource("BoxShape3D_m4gng")

[node name="MeshInstance3D" type="MeshInstance3D" parent="Walkway" unique_id=2132755890]
transform = Transform3D(1, 0, 0, 0, 1, 0, 0, 0, 0.185, 1.8027163, 0, 0)
mesh = SubResource("BoxMesh_0dcuh")

[node name="CollisionShape3D2" type="CollisionShape3D" parent="Walkway" unique_id=1225147937]
transform = Transform3D(1, 0, 0, 0, 1, 0, 0, 0, 1, 1.7586312, 0.42390138, -0.4748591)
shape = SubResource("BoxShape3D_5ofox")
debug_color = Color(0.1246284, 0.6472696, 0, 0.41960785)

[node name="CollisionShape3D3" type="CollisionShape3D" parent="Walkway" unique_id=2054075389]
transform = Transform3D(1, 0, 0, 0, 1, 0, 0, 0, 1, 3.2023263, 0.42390138, 0.4644741)
shape = SubResource("BoxShape3D_v6na3")
debug_color = Color(0, 0.6498868, 0.13756791, 0.41960785)

[node name="CollisionShape3D4" type="CollisionShape3D" parent="Walkway" unique_id=235538682]
transform = Transform3D(1, 0, 0, 0, 1, 0, 0, 0, 1, 0.2698884, 0.42390138, 0.4644741)
shape = SubResource("BoxShape3D_aemyc")
debug_color = Color(0.25897262, 0.63460684, 0, 0.41960785)

[node name="Walkway2" type="StaticBody3D" parent="." unique_id=800805475]
transform = Transform3D(-2.8556453e-08, 0, -1, 0, 1, 0, 0.6532955, 0, -4.371139e-08, 4.9208574, -0.05446367, 0.90541553)

[node name="CollisionShape3D" type="CollisionShape3D" parent="Walkway2" unique_id=520799292]
transform = Transform3D(1, 0, 0, 0, 1, 0, 0, 0, 1, 1.8027163, 0, 0)
shape = SubResource("BoxShape3D_m4gng")

[node name="MeshInstance3D" type="MeshInstance3D" parent="Walkway2" unique_id=1006270441]
transform = Transform3D(1, 0, 0, 0, 1, 0, 0, 0, 0.185, 1.8027163, 0, 0)
mesh = SubResource("BoxMesh_0dcuh")

[node name="CollisionShape3D2" type="CollisionShape3D" parent="Walkway2" unique_id=751726410]
transform = Transform3D(1, 0, 0, 0, 1, 0, 0, 0, 1, 1.7586312, 0.42390138, -0.4748591)
shape = SubResource("BoxShape3D_5ofox")
debug_color = Color(0.1246284, 0.6472696, 0, 0.41960785)

[node name="CollisionShape3D3" type="CollisionShape3D" parent="Walkway2" unique_id=1076336259]
transform = Transform3D(1, 0, 0, 0, 1, 0, 0, 0, 1, 1.7586312, 0.42390138, 0.4644741)
shape = SubResource("BoxShape3D_5ofox")
debug_color = Color(0.1246284, 0.6472696, 0, 0.41960785)

[node name="DirectionalLight3D" type="DirectionalLight3D" parent="." unique_id=1645830469]
transform = Transform3D(0.9998541, 0.005651566, -0.016124683, 0.007813332, 0.6880338, 0.72563666, 0.01519531, -0.7256567, 0.6878892, -1.8585224, 3.0093923, 3.5889575)
shadow_enabled = true

[node name="CharacterBody3D" parent="." unique_id=1051319031 node_paths=PackedStringArray("camera") instance=ExtResource("1_h510c")]
transform = Transform3D(0.1, 0, 0, 0, 0.1, 0, 0, 0, 0.1, 0, 0.08300817, 0)
script = ExtResource("2_tpdbc")
camera = NodePath("../Camera3D")

[node name="CollisionShape3D" parent="CharacterBody3D" index="0" unique_id=112217560]
transform = Transform3D(0.99999976, 0, 7.0699e-13, 0, 0.99999976, 0, -7.0699e-13, 0, 0.99999976, 0, 2.3008585, 0)

[node name="Armature" parent="CharacterBody3D/Proto Gli 1" parent_id_path=PackedInt32Array(1051319031, 1252514508) index="0" unique_id=1798335600]
transform = Transform3D(0.9999999, 0, 0, 0, 1, 0, 0, 0, 0.9999999, 0, 0, 0)

[node name="Skeleton" parent="CharacterBody3D/Proto Gli 1/Armature" index="0" unique_id=1031360999]
bones/0/position = Vector3(0.033595316, 5.2859097, -0.039184704)
bones/0/rotation = Quaternion(-0.03924884, -0.3661215, -0.013924416, 0.9296348)
bones/1/rotation = Quaternion(0.048167083, 0.039993845, -0.008693787, 0.9980005)
bones/2/rotation = Quaternion(0.09610415, 0.08048182, -0.017273966, 0.99196184)
bones/3/rotation = Quaternion(0.096104115, 0.08048186, -0.017273964, 0.99196184)
bones/4/rotation = Quaternion(-0.024111468, -0.01033436, 0.0017702258, 0.9996543)
bones/5/rotation = Quaternion(-0.07058574, 0.17854153, -0.0044690277, 0.9813871)
bones/8/rotation = Quaternion(0.4712188, 0.5135009, 0.48122975, -0.5316837)
bones/9/rotation = Quaternion(-0.014235947, 0.9693931, -0.21429205, 0.11896838)
bones/10/rotation = Quaternion(0.13940765, -0.8601247, 0.2644457, 0.4133032)
bones/11/rotation = Quaternion(0.0103427125, 0.7342722, 0.16935252, 0.65731055)
bones/13/rotation = Quaternion(0.4412814, -0.54328185, -0.5243946, -0.4848979)
bones/14/rotation = Quaternion(0.19931003, 0.960141, -0.19401135, 0.027648687)
bones/15/rotation = Quaternion(0.12282934, 0.87710863, -0.1592999, 0.43613875)
bones/16/rotation = Quaternion(0.14717801, -0.65418845, 0.017442727, 0.7416683)
bones/18/rotation = Quaternion(0.06911531, 0.21328609, 0.9725809, -0.061795574)
bones/19/rotation = Quaternion(0.03936468, 0.94610786, -0.30759504, -0.093357675)
bones/20/rotation = Quaternion(-0.014233703, 0.66300595, -0.74832726, 0.015061479)
bones/21/rotation = Quaternion(0.028120168, 0.99936736, 0.02033961, -0.0077828187)
bones/24/rotation = Quaternion(-0.12573119, -0.0007318017, 0.9883417, 0.08586001)
bones/25/rotation = Quaternion(0.024305465, 0.95894843, -0.26508486, -0.09776135)
bones/26/rotation = Quaternion(0.08082096, 0.5497599, -0.8275336, -0.080127165)
bones/27/rotation = Quaternion(0.0036260104, 0.9998579, 0.016095849, -0.003478352)

[node name="Hair_012" parent="CharacterBody3D/Proto Gli 1/Armature/Skeleton" index="0" unique_id=138950094]
transform = Transform3D(0.9973569, -0.07264958, -0.0011389554, 0.07086357, 0.97606146, -0.20562693, 0.016050309, 0.20500273, 0.9786298, -0.15477487, 8.451998, 0.65497726)

[node name="Hair_013" parent="CharacterBody3D/Proto Gli 1/Armature/Skeleton" index="1" unique_id=2109711230]
transform = Transform3D(0.9973569, -0.07264958, -0.0011389554, 0.07086357, 0.97606146, -0.20562693, 0.016050309, 0.20500273, 0.9786298, -0.15477487, 8.451998, 0.65497726)

[node name="Hair_014" parent="CharacterBody3D/Proto Gli 1/Armature/Skeleton" index="2" unique_id=2077420212]
transform = Transform3D(0.9973569, -0.07264958, -0.0011389554, 0.07086357, 0.97606146, -0.20562693, 0.016050309, 0.20500273, 0.9786298, -0.15477487, 8.451998, 0.65497726)

[node name="Hair_015" parent="CharacterBody3D/Proto Gli 1/Armature/Skeleton" index="3" unique_id=1008126345]
transform = Transform3D(0.9973569, -0.07264958, -0.0011389554, 0.07086357, 0.97606146, -0.20562693, 0.016050309, 0.20500273, 0.9786298, -0.15477487, 8.451998, 0.65497726)

[node name="Hair_016" parent="CharacterBody3D/Proto Gli 1/Armature/Skeleton" index="4" unique_id=866870226]
transform = Transform3D(0.9973569, -0.07264958, -0.0011389554, 0.07086357, 0.97606146, -0.20562693, 0.016050309, 0.20500273, 0.9786298, -0.15477487, 8.451998, 0.65497726)

[node name="Hair_017" parent="CharacterBody3D/Proto Gli 1/Armature/Skeleton" index="5" unique_id=1342462671]
transform = Transform3D(0.9973569, -0.07264958, -0.0011389554, 0.07086357, 0.97606146, -0.20562693, 0.016050309, 0.20500273, 0.9786298, -0.15477487, 8.451998, 0.65497726)

[node name="Hair_018" parent="CharacterBody3D/Proto Gli 1/Armature/Skeleton" index="6" unique_id=1540617818]
transform = Transform3D(0.9973569, -0.07264958, -0.0011389554, 0.07086357, 0.97606146, -0.20562693, 0.016050309, 0.20500273, 0.9786298, -0.15477487, 8.451998, 0.65497726)

[node name="Hair_019" parent="CharacterBody3D/Proto Gli 1/Armature/Skeleton" index="7" unique_id=1036600954]
transform = Transform3D(0.9973569, -0.07264958, -0.0011389554, 0.07086357, 0.97606146, -0.20562693, 0.016050309, 0.20500273, 0.9786298, -0.15477487, 8.451998, 0.65497726)

[node name="Hair_020" parent="CharacterBody3D/Proto Gli 1/Armature/Skeleton" index="8" unique_id=1625970386]
transform = Transform3D(0.9973569, -0.07264958, -0.0011389554, 0.07086357, 0.97606146, -0.20562693, 0.016050309, 0.20500273, 0.9786298, -0.15477487, 8.451998, 0.65497726)

[node name="Hair_021" parent="CharacterBody3D/Proto Gli 1/Armature/Skeleton" index="9" unique_id=636162324]
transform = Transform3D(0.9973569, -0.07264958, -0.0011389554, 0.07086357, 0.97606146, -0.20562693, 0.016050309, 0.20500273, 0.9786298, -0.15477487, 8.451998, 0.65497726)

[node name="Hair_022" parent="CharacterBody3D/Proto Gli 1/Armature/Skeleton" index="10" unique_id=2088216628]
transform = Transform3D(0.9973569, -0.07264958, -0.0011389554, 0.07086357, 0.97606146, -0.20562693, 0.016050309, 0.20500273, 0.9786298, -0.15477487, 8.451998, 0.65497726)

[node name="Hair_023" parent="CharacterBody3D/Proto Gli 1/Armature/Skeleton" index="11" unique_id=1997123166]
transform = Transform3D(0.9973569, -0.07264958, -0.0011389554, 0.07086357, 0.97606146, -0.20562693, 0.016050309, 0.20500273, 0.9786298, -0.15477487, 8.451998, 0.65497726)

[node name="Hair_024" parent="CharacterBody3D/Proto Gli 1/Armature/Skeleton" index="12" unique_id=1674627831]
transform = Transform3D(0.9973569, -0.07264958, -0.0011389554, 0.07086357, 0.97606146, -0.20562693, 0.016050309, 0.20500273, 0.9786298, -0.15477487, 8.451998, 0.65497726)

[node name="Hair_025" parent="CharacterBody3D/Proto Gli 1/Armature/Skeleton" index="13" unique_id=2055629164]
transform = Transform3D(0.9973569, -0.07264958, -0.0011389554, 0.07086357, 0.97606146, -0.20562693, 0.016050309, 0.20500273, 0.9786298, -0.15477487, 8.451998, 0.65497726)

[node name="Hair_026" parent="CharacterBody3D/Proto Gli 1/Armature/Skeleton" index="14" unique_id=58758774]
transform = Transform3D(0.9973569, -0.07264958, -0.0011389554, 0.07086357, 0.97606146, -0.20562693, 0.016050309, 0.20500273, 0.9786298, -0.15477487, 8.451998, 0.65497726)

[node name="Hair_027" parent="CharacterBody3D/Proto Gli 1/Armature/Skeleton" index="15" unique_id=364880559]
transform = Transform3D(0.9973569, -0.07264958, -0.0011389554, 0.07086357, 0.97606146, -0.20562693, 0.016050309, 0.20500273, 0.9786298, -0.15477487, 8.451998, 0.65497726)

[node name="Hair_028" parent="CharacterBody3D/Proto Gli 1/Armature/Skeleton" index="16" unique_id=1561012884]
transform = Transform3D(0.9973569, -0.07264958, -0.0011389554, 0.07086357, 0.97606146, -0.20562693, 0.016050309, 0.20500273, 0.9786298, -0.15477487, 8.451998, 0.65497726)

[node name="Hair_029" parent="CharacterBody3D/Proto Gli 1/Armature/Skeleton" index="17" unique_id=1989816126]
transform = Transform3D(0.9973569, -0.07264958, -0.0011389554, 0.07086357, 0.97606146, -0.20562693, 0.016050309, 0.20500273, 0.9786298, -0.15477487, 8.451998, 0.65497726)

[node name="Hair_030" parent="CharacterBody3D/Proto Gli 1/Armature/Skeleton" index="18" unique_id=993085827]
transform = Transform3D(0.9973569, -0.07264958, -0.0011389554, 0.07086357, 0.97606146, -0.20562693, 0.016050309, 0.20500273, 0.9786298, -0.15477487, 8.451998, 0.65497726)

[node name="Hair_031" parent="CharacterBody3D/Proto Gli 1/Armature/Skeleton" index="19" unique_id=2019527952]
transform = Transform3D(0.9973569, -0.07264958, -0.0011389554, 0.07086357, 0.97606146, -0.20562693, 0.016050309, 0.20500273, 0.9786298, -0.15477487, 8.451998, 0.65497726)

[node name="Hair_031" parent="CharacterBody3D/Proto Gli 1/Armature/Skeleton/Hair_031" index="0" unique_id=1097234076]
surface_material_override/0 = null

[node name="Hair_032" parent="CharacterBody3D/Proto Gli 1/Armature/Skeleton" index="20" unique_id=993126605]
transform = Transform3D(0.9973569, -0.07264958, -0.0011389554, 0.07086357, 0.97606146, -0.20562693, 0.016050309, 0.20500273, 0.9786298, -0.15477487, 8.451998, 0.65497726)

[node name="Hair_033" parent="CharacterBody3D/Proto Gli 1/Armature/Skeleton" index="21" unique_id=1002678260]
transform = Transform3D(0.9973569, -0.07264958, -0.0011389554, 0.07086357, 0.97606146, -0.20562693, 0.016050309, 0.20500273, 0.9786298, -0.15477487, 8.451998, 0.65497726)

[node name="Hair_034" parent="CharacterBody3D/Proto Gli 1/Armature/Skeleton" index="22" unique_id=1202997240]
transform = Transform3D(0.9973569, -0.07264958, -0.0011389554, 0.07086357, 0.97606146, -0.20562693, 0.016050309, 0.20500273, 0.9786298, -0.15477487, 8.451998, 0.65497726)

[node name="Shin Guard" parent="CharacterBody3D/Proto Gli 1/Armature/Skeleton" index="31" unique_id=769869634]
surface_material_override/0 = SubResource("StandardMaterial3D_ixbh1")

[node name="Shin Guard_001" parent="CharacterBody3D/Proto Gli 1/Armature/Skeleton" index="32" unique_id=2008555193]
mesh = ExtResource("4_rdw12")

[node name="AnimationTree" type="AnimationTree" parent="CharacterBody3D/Proto Gli 1" parent_id_path=PackedInt32Array(1051319031, 1252514508) index="2" unique_id=6499145]
tree_root = SubResource("AnimationNodeStateMachine_u8cg8")
anim_player = NodePath("../AnimationPlayer")
parameters/conditions/if = false

[node name="StateMachine" type="Node" parent="CharacterBody3D" unique_id=695301425 node_paths=PackedStringArray("anim_tree", "initial_state")]
script = ExtResource("5_u8cg8")
anim_tree = NodePath("../Proto Gli 1/AnimationTree")
initial_state = NodePath("Idle")

[node name="Idle" type="Node" parent="CharacterBody3D/StateMachine" unique_id=1311751772 node_paths=PackedStringArray("move_state", "jump_state", "fall_state")]
script = ExtResource("6_ecyt6")
move_state = NodePath("../Move")
jump_state = NodePath("../Jump")
fall_state = NodePath("../Fall")

[node name="Move" type="Node" parent="CharacterBody3D/StateMachine" unique_id=820733426 node_paths=PackedStringArray("idle_state", "jump_state", "fall_state")]
script = ExtResource("7_q5bly")
idle_state = NodePath("../Idle")
jump_state = NodePath("../Jump")
fall_state = NodePath("../Fall")

[node name="Jump" type="Node" parent="CharacterBody3D/StateMachine" unique_id=135800974 node_paths=PackedStringArray("fall_state")]
script = ExtResource("8_vb42h")
fall_state = NodePath("../Fall")

[node name="Fall" type="Node" parent="CharacterBody3D/StateMachine" unique_id=571362538 node_paths=PackedStringArray("idle_state")]
script = ExtResource("9_rvbf0")
idle_state = NodePath("../Idle")

[node name="Camera3D" type="Camera3D" parent="." unique_id=313060992]
transform = Transform3D(0.74505943, 0.31480327, -0.58803517, -0.016023098, 0.8898076, 0.4560546, 0.6668056, -0.33036566, 0.6680036, -2.5279276, 1.4820173, 2.9538696)
fov = 43.153732

[node name="Camera3D2" type="Camera3D" parent="." unique_id=910820100]
transform = Transform3D(0.7051698, -0.31330425, 0.636063, -0.016023098, 0.8898076, 0.45605466, -0.7088575, -0.33178768, 0.6224453, 12.928274, 2.4859211, 2.9538696)
fov = 43.153732

[node name="Camera3D3" type="Camera3D" parent="." unique_id=430577032]
transform = Transform3D(0.98828286, 0.10430383, -0.111434914, -0.021348843, 0.8173658, 0.5757234, 0.15113324, -0.56659853, 0.8100154, 4.124914, 2.4859211, 9.663893)
fov = 43.153732

[node name="gate" parent="." unique_id=423378458 instance=ExtResource("3_tpdbc")]
transform = Transform3D(1, 0, 0, 0, 1, 0, 0, 0, 1, 2.409582, -0.024999857, -0.0058226604)

[node name="MeshInstance3D" parent="gate" index="1" unique_id=801665912]
transform = Transform3D(0.194, 0, 0, 0, 1.373, 0, 0, 0, 1.7254267, 0, 0.68688464, -1.6219236)

[node name="MeshInstance3D2" parent="gate" index="2" unique_id=388067733]
transform = Transform3D(0.194, 0, 0, 0, 1.373, 0, 0, 0, 1.7909274, 0, 0.68688464, 1.646635)

[node name="CameraSwitch" parent="." unique_id=117350085 node_paths=PackedStringArray("cam") instance=ExtResource("5_5ofox")]
transform = Transform3D(1, 0, 0, 0, 1, 0, 0, 0, 1, -0.019635677, 0, 0)
cam = NodePath("../Camera3D")

[node name="CollisionShape3D" parent="CameraSwitch" index="0" unique_id=1021442571]
transform = Transform3D(1, 0, 0, 0, 1, 0, 0, 0, 1, 0.2747414, 0.52602834, -0.047343016)

[node name="WorldEnvironment" type="WorldEnvironment" parent="." unique_id=1553710352]
environment = SubResource("Environment_5ofox")
camera_attributes = SubResource("CameraAttributesPractical_v6na3")
compositor = SubResource("Compositor_aemyc")

[node name="CameraSwitch2" parent="." unique_id=391580028 node_paths=PackedStringArray("cam") instance=ExtResource("5_5ofox")]
transform = Transform3D(-4.371139e-08, 0, -1, 0, 1, 0, 1, 0, -4.371139e-08, 4.944436, -0.052152157, 5.403447)
cam = NodePath("../Camera3D3")

[node name="CollisionShape3D" parent="CameraSwitch2" index="0" unique_id=1021442571]
transform = Transform3D(1, 0, 0, 0, 1, 0, 0, 0, 1, -0.25384712, 0.52893776, 0.05737114)
shape = SubResource("BoxShape3D_llqyr")

[node name="CameraSwitch3" parent="." unique_id=1694792008 node_paths=PackedStringArray("cam") instance=ExtResource("5_5ofox")]
transform = Transform3D(1, 0, 0, 0, 1, 0, 0, 0, 1, 9.217077, 0, -0.2617967)
cam = NodePath("../Camera3D2")

[node name="CollisionShape3D" parent="CameraSwitch3" index="0" unique_id=1021442571]
transform = Transform3D(1, 0, 0, 0, 1, 0, 0, 0, 1, -1.6502666, 0.52893776, -0.09790039)
shape = SubResource("BoxShape3D_rpvj6")

[node name="Platform" type="Node3D" parent="." unique_id=1543618645]
transform = Transform3D(1, 0, 0, 0, 1, 0, 0, 0, 1.07, 0, 0, 0)

[node name="Floor1" type="StaticBody3D" parent="Platform" unique_id=1676871611]
transform = Transform3D(1, 0, 0, 0, 1, 0, 0, 0, 1, 0, -0.05, 0)

[node name="CollisionShape3D" type="CollisionShape3D" parent="Platform/Floor1" unique_id=1564003142]
transform = Transform3D(1, 0, 0, 0, 1, 0, 0, 0, 1, 0, 0, -0.04933442)
shape = SubResource("BoxShape3D_tpdbc")

[node name="MeshInstance3D" type="MeshInstance3D" parent="Platform/Floor1" unique_id=1615762656]
transform = Transform3D(0.9999987, -0.0010809125, 0.0006210003, 0.0010791414, 0.99999833, 0.0007444854, -0.0012157756, -0.001454329, 0.5114467, -0.0003926456, -0.0017336905, -0.056934927)
material_override = ExtResource("2_p2ddc")
mesh = SubResource("BoxMesh_0dcuh")

[node name="skull" parent="." unique_id=1200212190 instance=ExtResource("6_v6na3")]
transform = Transform3D(1, 0, 0, 0, 1, 0, 0, 0, 1, -1.0749235, 0, -1.1267306)

[node name="AnimationPlayer" type="AnimationPlayer" parent="skull" unique_id=1202388766]
libraries/ = SubResource("AnimationLibrary_llqyr")
autoplay = &"new_animation"

[node name="skull2" parent="." unique_id=266748198 instance=ExtResource("6_v6na3")]
transform = Transform3D(-0.97697115, 0, 0.21337143, 0, 1, 0, -0.21337143, 0, -0.97697115, 4.9109554, 0, 7.117433)

[node name="AnimationPlayer" type="AnimationPlayer" parent="skull2" unique_id=274283023]
libraries/ = SubResource("AnimationLibrary_llqyr")
autoplay = &"new_animation"

[node name="UI Elements" type="CanvasLayer" parent="." unique_id=307038516]

[node name="Prompt" parent="UI Elements" unique_id=566110442 instance=ExtResource("7_aemyc")]
visible = false

[node name="DialBox" parent="UI Elements" unique_id=1810109422 instance=ExtResource("9_ldbg2")]
visible = false

[node name="DialogueManager" type="Node" parent="." unique_id=1088167361 node_paths=PackedStringArray("dialBox")]
script = ExtResource("8_rpvj6")
dialBox = NodePath("../UI Elements/DialBox")

[node name="PromptManager" type="Node" parent="." unique_id=359779591 node_paths=PackedStringArray("interactPrompt")]
script = ExtResource("8_llqyr")
interactPrompt = NodePath("../UI Elements/Prompt")

[node name="PauseHandler" type="Node" parent="." unique_id=923774752 node_paths=PackedStringArray("canvas")]
process_mode = 3
script = ExtResource("18_3qlte")
canvas = NodePath("../UI Elements")

[connection signal="body_entered" from="CameraSwitch" to="." method="_on_camera_switch_body_entered"]
[connection signal="body_shape_entered" from="CameraSwitch" to="." method="_on_camera_switch_body_shape_entered"]
[connection signal="switch" from="CameraSwitch" to="." method="_on_camera_switch_switch"]

[editable path="CharacterBody3D"]
[editable path="CharacterBody3D/Proto Gli 1"]
[editable path="gate"]
[editable path="CameraSwitch"]
[editable path="CameraSwitch2"]
[editable path="CameraSwitch3"]
[editable path="UI Elements/Prompt"]
