[gd_scene format=3 uid="uid://bqw8xsgx5go56"]

[ext_resource type="Texture2D" uid="uid://dfc83pm5hqos8" path="res://Textures/Sky Panorama/Panorama_Sky_17-512x512.png" id="1_vic2k"]
[ext_resource type="Material" uid="uid://cg4gs15tqn333" path="res://Textures/Cobblestone Texture/PavingStones150_2K-JPG.tres" id="4_3hvvs"]
[ext_resource type="PackedScene" uid="uid://dcowgxvbiylrh" path="res://meshes/House1/House 1.blend" id="5_p0sxm"]
[ext_resource type="PackedScene" uid="uid://8b1xuokowhht" path="res://meshes/BookHouse/Book House 1.blend" id="6_xkex8"]
[ext_resource type="PackedScene" uid="uid://isaf14gl3en8" path="res://meshes/House1/House 2.blend" id="7_xkex8"]
[ext_resource type="Texture2D" uid="uid://2b86wae3plh8" path="res://meshes/SamGrady buildings/DIFFUSE.jpg" id="8_20bg3"]
[ext_resource type="ArrayMesh" uid="uid://dy6s1h86csg5m" path="res://meshes/SamGrady buildings/building_6.obj" id="9_5t58r"]
[ext_resource type="ArrayMesh" uid="uid://c7hs8xubxoxus" path="res://meshes/SamGrady buildings/building_1.obj" id="10_l3b7i"]
[ext_resource type="ArrayMesh" uid="uid://i3g16rqeqvpo" path="res://meshes/SamGrady buildings/building_5.obj" id="11_03pw2"]
[ext_resource type="PackedScene" uid="uid://cy4o15k7ows4u" path="res://character.tscn" id="11_20bg3"]
[ext_resource type="Texture2D" uid="uid://ci4cr2rckphoo" path="res://Textures/Water/Water_1/water_1_diffuseOriginal.bmp" id="11_ub4of"]
[ext_resource type="Script" uid="uid://b6eyd3wj6fu6d" path="res://states/statemachine.gd" id="12_4x40y"]
[ext_resource type="Texture2D" uid="uid://dhqh2l6n6fbhc" path="res://Textures/Water/Water_1/water_1_ao.bmp" id="12_5uvlk"]
[ext_resource type="Script" uid="uid://6iauadqfys57" path="res://scripts/character.gd" id="12_bv03a"]
[ext_resource type="Script" uid="uid://bwlepq4swweko" path="res://states/idle_state.gd" id="13_bv03a"]
[ext_resource type="PackedScene" uid="uid://sdnpn2k7qsmd" path="res://meshes/Tree1.tscn" id="13_l3b7i"]
[ext_resource type="Texture2D" uid="uid://b0ccq3pn8wh4" path="res://Textures/Water/Water_1/water_1_height.bmp" id="13_ocjc5"]
[ext_resource type="Texture2D" uid="uid://d3ub67e1qrmv3" path="res://Textures/Water/Water_1/water_1_metallic.bmp" id="14_7kjms"]
[ext_resource type="Script" uid="uid://bxuwdx87nuwsm" path="res://states/move_state.gd" id="14_m5tkt"]
[ext_resource type="Script" uid="uid://blw1v4enclq7g" path="res://states/jump_state.gd" id="15_35oox"]
[ext_resource type="Texture2D" uid="uid://lk5ptnpe3ed4" path="res://Textures/Water/Water_1/water_1_normal.bmp" id="15_mnb84"]
[ext_resource type="Texture2D" uid="uid://nbcltab8ykfc" path="res://Textures/Water/Water_1/water_1_edge.bmp" id="16_7efo2"]
[ext_resource type="Script" uid="uid://brs8yqwgni5t4" path="res://states/fall_state.gd" id="16_x4ex4"]
[ext_resource type="Texture2D" uid="uid://c7wt0ce62chys" path="res://Textures/Water/Water_1/water_1_smoothness.bmp" id="17_gu2wm"]
[ext_resource type="PackedScene" uid="uid://btbbvoxdixc6u" path="res://interactprompt.tscn" id="18_y76e6"]
[ext_resource type="PackedScene" uid="uid://bcv71xsvoofkr" path="res://dial_box.tscn" id="19_6s336"]
[ext_resource type="Script" uid="uid://bsvbxxmkshgvi" path="res://scripts/dialogue_manager.gd" id="20_q0hrt"]
[ext_resource type="Script" uid="uid://c7wgluufenq2k" path="res://prompt_manager.gd" id="21_1f4xf"]
[ext_resource type="Script" uid="uid://chd4v2dchvucb" path="res://scripts/CameraManager.gd" id="22_6s336"]
[ext_resource type="Script" uid="uid://dr88cobc5dqk4" path="res://scene_switcher.gd" id="22_ulbni"]
[ext_resource type="PackedScene" uid="uid://dyyex5sxricmd" path="res://camera_switch.tscn" id="31_5uvlk"]
[ext_resource type="AudioStream" uid="uid://bvtupefnt740t" path="res://Textures/Water/WATER_LAKE_LP.WAV" id="32_ocjc5"]
[ext_resource type="Script" uid="uid://c7rrmgfhlcpwe" path="res://street_exit.gd" id="33_7kjms"]

[sub_resource type="PanoramaSkyMaterial" id="PanoramaSkyMaterial_p0sxm"]
panorama = ExtResource("1_vic2k")

[sub_resource type="Sky" id="Sky_e2chw"]
sky_material = SubResource("PanoramaSkyMaterial_p0sxm")

[sub_resource type="Environment" id="Environment_xkex8"]
background_mode = 2
sky = SubResource("Sky_e2chw")
sky_rotation = Vector3(0, 0.31939524, 0)
ambient_light_source = 3
ssao_enabled = true
ssil_enabled = true
sdfgi_enabled = true
sdfgi_use_occlusion = true
glow_enabled = true
glow_intensity = 0.1
volumetric_fog_enabled = true
volumetric_fog_density = 0.005

[sub_resource type="PlaneMesh" id="PlaneMesh_e1atp"]
material = ExtResource("4_3hvvs")
size = Vector2(7, 3)

[sub_resource type="BoxShape3D" id="BoxShape3D_20bg3"]
size = Vector3(7.0259247, 0.07373047, 12.963478)

[sub_resource type="PlaneMesh" id="PlaneMesh_xkex8"]
material = ExtResource("4_3hvvs")
size = Vector2(7, 3)

[sub_resource type="BoxShape3D" id="BoxShape3D_bibpn"]
size = Vector3(14.684759, 0.07373047, 14.368031)

[sub_resource type="StandardMaterial3D" id="StandardMaterial3D_daqx2"]
albedo_texture = ExtResource("8_20bg3")

[sub_resource type="StandardMaterial3D" id="StandardMaterial3D_4x40y"]
albedo_texture = ExtResource("8_20bg3")

[sub_resource type="BoxShape3D" id="BoxShape3D_bv03a"]
size = Vector3(20.150375, 14.102234, 20.258957)

[sub_resource type="BoxShape3D" id="BoxShape3D_m5tkt"]
size = Vector3(20.20071, 13.973022, 20.121878)

[sub_resource type="BoxShape3D" id="BoxShape3D_35oox"]
size = Vector3(60.734283, 13.973022, 30.327374)

[sub_resource type="BoxShape3D" id="BoxShape3D_x4ex4"]
size = Vector3(19.478954, 13.973022, 35.62501)

[sub_resource type="BoxShape3D" id="BoxShape3D_5t58r"]
size = Vector3(19.478954, 13.973022, 33.364635)

[sub_resource type="BoxShape3D" id="BoxShape3D_l3b7i"]
size = Vector3(19.478954, 13.973022, 33.466988)

[sub_resource type="BoxShape3D" id="BoxShape3D_03pw2"]
size = Vector3(19.478954, 13.973022, 33.466988)

[sub_resource type="BoxShape3D" id="BoxShape3D_hp7bn"]
size = Vector3(40.249676, 13.973022, 40.47746)

[sub_resource type="StandardMaterial3D" id="StandardMaterial3D_y76e6"]
albedo_texture = ExtResource("8_20bg3")

[sub_resource type="CylinderShape3D" id="CylinderShape3D_03pw2"]
height = 4.3149414
radius = 0.5673828

[sub_resource type="AnimationNodeAnimation" id="AnimationNodeAnimation_go3uk"]
animation = &"Idle Straight"

[sub_resource type="AnimationNodeAnimation" id="AnimationNodeAnimation_wdpcj"]
animation = &"Idle"
advance_on_start = true

[sub_resource type="AnimationNodeAnimation" id="AnimationNodeAnimation_qi5as"]
animation = &"Walk2"
advance_on_start = true

[sub_resource type="AnimationNodeStateMachineTransition" id="AnimationNodeStateMachineTransition_jb3kq"]
advance_mode = 2

[sub_resource type="AnimationNodeStateMachineTransition" id="AnimationNodeStateMachineTransition_c1b4b"]
xfade_time = 0.2
switch_mode = 1

[sub_resource type="AnimationNodeStateMachineTransition" id="AnimationNodeStateMachineTransition_7tnxx"]
xfade_time = 0.2

[sub_resource type="AnimationNodeStateMachineTransition" id="AnimationNodeStateMachineTransition_lyohd"]
advance_condition = &"if"

[sub_resource type="AnimationNodeStateMachineTransition" id="AnimationNodeStateMachineTransition_2ia7u"]

[sub_resource type="AnimationNodeStateMachineTransition" id="AnimationNodeStateMachineTransition_0fer6"]

[sub_resource type="AnimationNodeStateMachineTransition" id="AnimationNodeStateMachineTransition_aeagw"]

[sub_resource type="AnimationNodeStateMachine" id="AnimationNodeStateMachine_4x40y"]
states/Idle/node = SubResource("AnimationNodeAnimation_wdpcj")
states/Idle/position = Vector2(339.33337, 100.44444)
"states/Idle Pause/node" = SubResource("AnimationNodeAnimation_go3uk")
"states/Idle Pause/position" = Vector2(485.3333, 241.33333)
states/Walk/node = SubResource("AnimationNodeAnimation_qi5as")
states/Walk/position = Vector2(686.6667, 122.666664)
transitions = ["Start", "Idle", SubResource("AnimationNodeStateMachineTransition_jb3kq"), "Idle", "Walk", SubResource("AnimationNodeStateMachineTransition_c1b4b"), "Walk", "Idle", SubResource("AnimationNodeStateMachineTransition_7tnxx"), "Idle", "Idle Pause", SubResource("AnimationNodeStateMachineTransition_lyohd"), "Idle Pause", "Idle", SubResource("AnimationNodeStateMachineTransition_2ia7u"), "Idle Pause", "Walk", SubResource("AnimationNodeStateMachineTransition_0fer6"), "Walk", "Idle Pause", SubResource("AnimationNodeStateMachineTransition_aeagw")]
graph_offset = Vector2(68, 52)

[sub_resource type="BoxShape3D" id="BoxShape3D_p0sxm"]
size = Vector3(7.0259247, 0.07373047, 5.8036194)

[sub_resource type="Shader" id="Shader_q8jmd"]
code = "// NOTE: Shader automatically converted from Godot Engine 4.6.2.stable.mono's StandardMaterial3D.

shader_type spatial;
render_mode blend_mix, depth_draw_opaque, cull_back, diffuse_burley, specular_schlick_ggx;

uniform vec2 scroll_speed = vec2(0.1, 0.0);

uniform vec4 albedo : source_color;
uniform sampler2D texture_albedo : source_color, filter_linear_mipmap, repeat_enable;
uniform ivec2 albedo_texture_size;
uniform float point_size : hint_range(0.1, 128.0, 0.1);

uniform float roughness : hint_range(0.0, 1.0);
uniform sampler2D texture_metallic : hint_default_white, filter_linear_mipmap, repeat_enable;
uniform vec4 metallic_texture_channel;
uniform sampler2D texture_roughness : hint_roughness_r, filter_linear_mipmap, repeat_enable;

uniform float specular : hint_range(0.0, 1.0, 0.01);
uniform float metallic : hint_range(0.0, 1.0, 0.01);

uniform sampler2D texture_normal : hint_roughness_normal, filter_linear_mipmap, repeat_enable;
uniform float normal_scale : hint_range(-16.0, 16.0);

uniform float rim : hint_range(0.0, 1.0, 0.01);
uniform float rim_tint : hint_range(0.0, 1.0, 0.01);
uniform sampler2D texture_rim : hint_default_white, filter_linear_mipmap, repeat_enable;

uniform sampler2D texture_ambient_occlusion : hint_default_white, filter_linear_mipmap, repeat_enable;
uniform vec4 ao_texture_channel;
uniform float ao_light_affect : hint_range(0.0, 1.0, 0.01);

uniform sampler2D texture_heightmap : hint_default_black, filter_linear_mipmap, repeat_enable;
uniform float heightmap_scale : hint_range(-16.0, 16.0, 0.001);
uniform int heightmap_min_layers : hint_range(1, 64);
uniform int heightmap_max_layers : hint_range(1, 64);
uniform vec2 heightmap_flip;

uniform vec3 uv1_scale;
uniform vec3 uv1_offset;
uniform vec3 uv2_scale;
uniform vec3 uv2_offset;

void vertex() {
	UV = UV * uv1_scale.xy + uv1_offset.xy;
}

void fragment() {
	vec2 base_uv = UV + scroll_speed * TIME;

	{
		// Height: Enabled
		vec3 view_dir = normalize(normalize(-VERTEX + EYE_OFFSET) * mat3(TANGENT * heightmap_flip.x, -BINORMAL * heightmap_flip.y, NORMAL));
		float depth = 1.0 - texture(texture_heightmap, base_uv).r;
		vec2 ofs = base_uv - view_dir.xy * depth * heightmap_scale * 0.01;
		base_uv = ofs;
	}

	vec4 albedo_tex = texture(texture_albedo, base_uv);
	ALBEDO = albedo.rgb * albedo_tex.rgb;

	float metallic_tex = dot(texture(texture_metallic, base_uv), metallic_texture_channel);
	METALLIC = metallic_tex * metallic;
	SPECULAR = specular;

	vec4 roughness_texture_channel = vec4(1.0, 0.0, 0.0, 0.0);
	float roughness_tex = dot(texture(texture_roughness, base_uv), roughness_texture_channel);
	ROUGHNESS = roughness_tex * roughness;

	// Normal Map: Enabled
	NORMAL_MAP = texture(texture_normal, base_uv).rgb;
	NORMAL_MAP_DEPTH = normal_scale;

	// Rim: Enabled
	vec2 rim_tex = texture(texture_rim, base_uv).xy;
	RIM = rim * rim_tex.x;
	RIM_TINT = rim_tint * rim_tex.y;

	// Ambient Occlusion: Enabled
	AO = dot(texture(texture_ambient_occlusion, base_uv), ao_texture_channel);
	AO_LIGHT_AFFECT = ao_light_affect;
	vec2 uv = UV + scroll_speed * TIME;
    ALBEDO = albedo_tex.rgb;
}
"

[sub_resource type="ShaderMaterial" id="ShaderMaterial_vxvqq"]
render_priority = 0
shader = SubResource("Shader_q8jmd")
shader_parameter/scroll_speed = Vector2(0, 0.2)
shader_parameter/albedo = Color(1, 1, 1, 1)
shader_parameter/texture_albedo = ExtResource("11_ub4of")
shader_parameter/albedo_texture_size = Vector2i(1024, 1024)
shader_parameter/point_size = 1.0
shader_parameter/roughness = 1.0
shader_parameter/texture_metallic = ExtResource("14_7kjms")
shader_parameter/metallic_texture_channel = Vector4(1, 0, 0, 0)
shader_parameter/texture_roughness = ExtResource("17_gu2wm")
shader_parameter/specular = 0.5
shader_parameter/metallic = 1.0
shader_parameter/texture_normal = ExtResource("15_mnb84")
shader_parameter/normal_scale = 1.0
shader_parameter/rim = 1.0
shader_parameter/rim_tint = 0.5
shader_parameter/texture_rim = ExtResource("16_7efo2")
shader_parameter/texture_ambient_occlusion = ExtResource("12_5uvlk")
shader_parameter/ao_texture_channel = Vector4(1, 0, 0, 0)
shader_parameter/ao_light_affect = 0.0
shader_parameter/texture_heightmap = ExtResource("13_ocjc5")
shader_parameter/heightmap_scale = 5.0
shader_parameter/heightmap_min_layers = 8
shader_parameter/heightmap_max_layers = 32
shader_parameter/heightmap_flip = Vector2(1, 1)
shader_parameter/uv1_scale = Vector3(3.012, 3.895, 1.192)
shader_parameter/uv1_offset = Vector3(0, 0, 0)
shader_parameter/uv2_scale = Vector3(1, 1, 1)
shader_parameter/uv2_offset = Vector3(0, 0, 0)

[sub_resource type="PlaneMesh" id="PlaneMesh_5t58r"]
material = SubResource("ShaderMaterial_vxvqq")
size = Vector2(7, 2.585)

[sub_resource type="BoxShape3D" id="BoxShape3D_kuj8k"]
size = Vector3(1, 2.0124512, 7.175049)

[sub_resource type="BoxShape3D" id="BoxShape3D_ocjc5"]
size = Vector3(4.083071, 1, 6.025366)

[sub_resource type="BoxShape3D" id="BoxShape3D_7kjms"]
size = Vector3(4.3164697, 1, 7.2317257)

[sub_resource type="BoxShape3D" id="BoxShape3D_mnb84"]
size = Vector3(4.3164697, 1, 3.3408904)

[node name="Node3D" type="Node3D" unique_id=2146142844]

[node name="DirectionalLight3D" type="DirectionalLight3D" parent="." unique_id=1958997807]
transform = Transform3D(0.25146133, 0.81347, -0.5244365, -0.3142939, 0.5811138, 0.75068367, 0.9154159, -0.023940705, 0.40179637, -2.5129166, 5.2704983, 1.8088355)
light_color = Color(1, 0.6156863, 0.5647059, 1)
shadow_enabled = true

[node name="WorldEnvironment" type="WorldEnvironment" parent="." unique_id=630282483]
environment = SubResource("Environment_xkex8")

[node name="StaticBody3D" type="StaticBody3D" parent="." unique_id=1348896226]
transform = Transform3D(1, 0, 0, 0, 1, 0, 0, 0, 1, 0.1467371, 0, 0)

[node name="MeshInstance3D" type="MeshInstance3D" parent="StaticBody3D" unique_id=1663545982]
transform = Transform3D(1, 0, 0, 0, 1, 0, 0, 0, 4.2921157, 0, 0, 1.6125505)
mesh = SubResource("PlaneMesh_e1atp")

[node name="CollisionShape3D" type="CollisionShape3D" parent="StaticBody3D" unique_id=769854705]
transform = Transform3D(1, 0, 0, 0, 1, 0, 0, 0, 1, 0.0017776489, -0.032079697, 1.6042061)
shape = SubResource("BoxShape3D_20bg3")

[node name="StaticBody3D4" type="StaticBody3D" parent="." unique_id=1801121405]
transform = Transform3D(1, 0, 0, 0, 1, 0, 0, 0, 1, 7.147219, 0, 0)

[node name="MeshInstance3D" type="MeshInstance3D" parent="StaticBody3D4" unique_id=2063847002]
transform = Transform3D(2.0998774, 0, 0, 0, 1, 0, 0, 0, 4.7789326, 3.7722385, 0, 1.6125505)
mesh = SubResource("PlaneMesh_xkex8")

[node name="CollisionShape3D" type="CollisionShape3D" parent="StaticBody3D4" unique_id=1055094031]
transform = Transform3D(1, 0, 0, 0, 1, 0, 0, 0, 1, 3.7966046, -0.032079697, 1.6188822)
shape = SubResource("BoxShape3D_bibpn")

[node name="House 1" parent="." unique_id=1828831240 instance=ExtResource("5_p0sxm")]
transform = Transform3D(0.57, 0, 0, 0, 0.57, 0, 0, 0, 0.57, 13.158419, 1.1685576, -3.8357153)

[node name="Book House 1" parent="." unique_id=1357412685 instance=ExtResource("6_xkex8")]
transform = Transform3D(-0.115043454, 0, 1.3751963, 0, 1.38, 0, -1.3751963, 0, -0.115043454, 16.924198, 0.0044425726, 7.402487)

[node name="House 2" parent="." unique_id=198428270 instance=ExtResource("7_xkex8")]
transform = Transform3D(-0.5690404, 0, -0.033059783, 0, 0.57, 0, 0.033059783, 0, -0.5690404, 14.731214, 1.3081837, 7.5685587)

[node name="Book House 2" parent="." unique_id=200694552 instance=ExtResource("6_xkex8")]
transform = Transform3D(0.008164875, 0, -1.379976, 0, 1.3800001, 0, 1.379976, 0, 0.008164875, 11.169211, 0.0042494535, -3.7059064)

[node name="StaticBody3D6" type="StaticBody3D" parent="." unique_id=2022024511]

[node name="Building6" type="MeshInstance3D" parent="StaticBody3D6" unique_id=920451963]
transform = Transform3D(0.1, 0, 0, 0, 0.1, 0, 0, 0, 0.1, 9.70005, 0.004785776, 6.774072)
material_override = SubResource("StandardMaterial3D_daqx2")
mesh = ExtResource("9_5t58r")

[node name="Building1" type="MeshInstance3D" parent="StaticBody3D6" unique_id=1468417055]
transform = Transform3D(-0.1, 0, 8.742278e-09, 0, 0.1, 0, -8.742278e-09, 0, -0.1, 1.1701846, -0.0054212213, 5.220392)
material_override = SubResource("StandardMaterial3D_4x40y")
mesh = ExtResource("10_l3b7i")

[node name="CollisionShape3D2" type="CollisionShape3D" parent="StaticBody3D6" unique_id=1109248895]
transform = Transform3D(0.1, 0, 0, 0, 0.1, 0, 0, 0, 0.1, 2.0475233, 0.60810184, 5.253308)
shape = SubResource("BoxShape3D_bv03a")

[node name="CollisionShape3D3" type="CollisionShape3D" parent="StaticBody3D6" unique_id=1593718479]
transform = Transform3D(0.1, 0, 0, 0, 0.1, 0, 0, 0, 0.1, 7.5348625, 0.6145624, -3.1139126)
shape = SubResource("BoxShape3D_m5tkt")

[node name="CollisionShape3D4" type="CollisionShape3D" parent="StaticBody3D6" unique_id=1454844825]
transform = Transform3D(0.1, 0, 0, 0, 0.1, 0, 0, 0, 0.1, 10.214026, 0.6145624, 6.7049346)
shape = SubResource("BoxShape3D_35oox")

[node name="CollisionShape3D5" type="CollisionShape3D" parent="StaticBody3D6" unique_id=2121305534]
transform = Transform3D(0.1, 0, 0, 0, 0.1, 0, 0, 0, 0.1, 10.977425, 0.6145624, -3.557522)
shape = SubResource("BoxShape3D_x4ex4")

[node name="CollisionShape3D7" type="CollisionShape3D" parent="StaticBody3D6" unique_id=1687745041]
transform = Transform3D(0.1, 0, 0, 0, 0.1, 0, 0, 0, 0.1, 15.6460495, 0.6145624, -3.4245334)
shape = SubResource("BoxShape3D_5t58r")

[node name="CollisionShape3D10" type="CollisionShape3D" parent="StaticBody3D6" unique_id=2000958189]
transform = Transform3D(0.09970902, 0, 0.007623176, 0, 0.1, 0, -0.007623176, 0, 0.09970902, 17.090624, 0.6145624, 7.1158996)
shape = SubResource("BoxShape3D_5t58r")

[node name="CollisionShape3D8" type="CollisionShape3D" parent="StaticBody3D6" unique_id=98810714]
transform = Transform3D(0.1, 0, 0, 0, 0.1, 0, 0, 0, 0.1, 1.7164705, 0.6145624, -1.685323)
shape = SubResource("BoxShape3D_l3b7i")

[node name="CollisionShape3D9" type="CollisionShape3D" parent="StaticBody3D6" unique_id=451725960]
transform = Transform3D(0.091597795, 0, -0.04012285, 0, 0.1, 0, 0.04012285, 0, 0.091597795, 4.32252, 0.6145624, 7.236438)
shape = SubResource("BoxShape3D_03pw2")

[node name="CollisionShape3D6" type="CollisionShape3D" parent="StaticBody3D6" unique_id=1112257600]
transform = Transform3D(0.1, 0, 0, 0, 0.1, 0, 0, 0, 0.1, 7.5438085, 1.6715243, -3.1151555)
shape = SubResource("BoxShape3D_hp7bn")

[node name="Building5" type="MeshInstance3D" parent="StaticBody3D6" unique_id=1866328709]
transform = Transform3D(0.1, 0, 0, 0, 0.1, 0, 0, 0, 0.1, 7.5445433, 0, -3.0962834)
material_override = SubResource("StandardMaterial3D_y76e6")
mesh = ExtResource("11_03pw2")

[node name="House 3" parent="." unique_id=2014408579 instance=ExtResource("5_p0sxm")]
transform = Transform3D(0.57, 0, 0, 0, 0.57, 0, 0, 0, 0.57, 4.1665125, 1.1218916, -2.3559022)

[node name="Book House 3" parent="." unique_id=1179880430 instance=ExtResource("6_xkex8")]
transform = Transform3D(0.5512675, 0, 1.2651106, 0, 1.38, 0, -1.2651106, 0, 0.5512675, 4.033055, -0.008221149, 7.402487)

[node name="Tree" parent="." unique_id=906458973 instance=ExtResource("13_l3b7i")]
transform = Transform3D(-0.046172373, 0, -0.3267539, 0, 0.43000007, 0, 0.3267539, 0, -0.046172373, 17.182636, -0.12961745, 3.8264613)

[node name="StaticBody3D" type="StaticBody3D" parent="Tree" unique_id=369816001]

[node name="CollisionShape3D" type="CollisionShape3D" parent="Tree/StaticBody3D" unique_id=241448018]
transform = Transform3D(1, 0, 0, 0, 0.9999998, 0, 0, 0, 1, 0.83762264, 1.1574705, 0)
shape = SubResource("CylinderShape3D_03pw2")

[node name="House 4" parent="." unique_id=2130756529 instance=ExtResource("7_xkex8")]
transform = Transform3D(-0.5690404, 0, -0.033059783, 0, 0.57, 0, 0.033059783, 0, -0.5690404, -1.97293, 1.1785426, 4.7122936)

[node name="Book House 4" parent="." unique_id=126382279 instance=ExtResource("6_xkex8")]
transform = Transform3D(0.008164875, 0, -1.379976, 0, 1.3800001, 0, 1.379976, 0, 0.008164875, 1.9140863, 0.018496156, -1.9406667)

[node name="Tree2" parent="." unique_id=359458692 instance=ExtResource("13_l3b7i")]
transform = Transform3D(0.31007886, 0, -0.112920776, 0, 0.43000004, 0, 0.112920776, 0, 0.31007886, -1.5668144, -0.12961745, -0.55814075)

[node name="StaticBody3D" type="StaticBody3D" parent="Tree2" unique_id=2115165100]

[node name="CollisionShape3D" type="CollisionShape3D" parent="Tree2/StaticBody3D" unique_id=1155412066]
transform = Transform3D(1, 0, 0, 0, 0.9999998, 0, 0, 0, 1, 0.83762264, 1.1574705, 0)
shape = SubResource("CylinderShape3D_03pw2")

[node name="Tree3" parent="." unique_id=841485340 instance=ExtResource("13_l3b7i")]
transform = Transform3D(-0.056945924, 0, -0.40299648, 0, 0.53, 0, 0.40299648, 0, -0.056945924, -2.9597843, -0.12961745, -0.73166513)

[node name="StaticBody3D" type="StaticBody3D" parent="Tree3" unique_id=1462234303]

[node name="CollisionShape3D" type="CollisionShape3D" parent="Tree3/StaticBody3D" unique_id=987248472]
transform = Transform3D(1, 0, 0, 0, 0.9999998, 0, 0, 0, 1, 0.83762264, 1.1574705, 0)
shape = SubResource("CylinderShape3D_03pw2")

[node name="Book House 5" parent="." unique_id=933774101 instance=ExtResource("6_xkex8")]
transform = Transform3D(0.008164875, 0, -1.379976, 0, 1.3800001, 0, 1.379976, 0, 0.008164875, 15.843597, 0.01683402, -3.7040777)

[node name="Tree4" parent="." unique_id=1789606536 instance=ExtResource("13_l3b7i")]
transform = Transform3D(-0.035398815, 0, -0.25051132, 0, 0.33, 0, 0.25051132, 0, -0.035398815, 17.475506, -0.12961745, -3.8604155)

[node name="StaticBody3D" type="StaticBody3D" parent="Tree4" unique_id=145533487]

[node name="CollisionShape3D" type="CollisionShape3D" parent="Tree4/StaticBody3D" unique_id=136470536]
transform = Transform3D(1, 0, 0, 0, 0.9999998, 0, 0, 0, 1, 0.83762264, 1.1574705, 0)
shape = SubResource("CylinderShape3D_03pw2")

[node name="CharacterBody3D" parent="." unique_id=1051319031 instance=ExtResource("11_20bg3")]
transform = Transform3D(0.15, 0, 0, 0, 0.15, 0, 0, 0, 0.15, -0.15699387, 0.009902885, 1.7449)
script = ExtResource("12_bv03a")

[node name="Armature" parent="CharacterBody3D/MAsked Gli" parent_id_path=PackedInt32Array(1051319031, 1915688629) index="0" unique_id=1424227123]
transform = Transform3D(0.9999999, 0, 0, 0, 1, 0, 0, 0, 0.9999999, 0, 0, 0)

[node name="Skeleton" parent="CharacterBody3D/MAsked Gli/Armature" index="0" unique_id=311386290]
bones/0/position = Vector3(0.033837218, 5.289528, -0.031833127)
bones/0/rotation = Quaternion(-0.039536607, -0.36593407, -0.0141236875, 0.92969334)
bones/1/rotation = Quaternion(0.047607854, 0.039973643, -0.008574818, 0.9980291)
bones/2/rotation = Quaternion(0.09496698, 0.08048039, -0.01707433, 0.99207497)
bones/3/rotation = Quaternion(0.09496699, 0.080480404, -0.01707433, 0.99207497)
bones/4/rotation = Quaternion(-0.020118052, -0.010601711, 0.0017612457, 0.99973994)
bones/5/rotation = Quaternion(-0.07127193, 0.17770055, -0.0022936016, 0.9814977)
bones/8/rotation = Quaternion(0.46994686, 0.5141933, 0.47810566, -0.53494895)
bones/9/rotation = Quaternion(-0.013523071, 0.96900904, -0.2167435, 0.117731884)
bones/10/rotation = Quaternion(0.1415068, -0.8602524, 0.265246, 0.4118085)
bones/11/rotation = Quaternion(0.0144633185, 0.73494726, 0.16443661, 0.65772635)
bones/13/rotation = Quaternion(0.44042882, -0.54396087, -0.5209578, -0.48860204)
bones/14/rotation = Quaternion(0.19737975, 0.95949316, -0.19879387, 0.029919442)
bones/15/rotation = Quaternion(0.12670636, 0.8764049, -0.16005893, 0.4361665)
bones/16/rotation = Quaternion(0.14501452, -0.65436435, 0.02005592, 0.74187326)
bones/18/rotation = Quaternion(0.069472216, 0.21201001, 0.9728602, -0.061387368)
bones/19/rotation = Quaternion(0.039717842, 0.9461433, -0.30730498, -0.09380377)
bones/20/rotation = Quaternion(-0.013822995, 0.6630047, -0.7483445, 0.014635835)
bones/21/rotation = Quaternion(0.028157722, 0.9993664, 0.020320335, -0.007816037)
bones/24/rotation = Quaternion(-0.1261599, -0.0037132362, 0.98825455, 0.086156674)
bones/25/rotation = Quaternion(0.023977472, 0.960004, -0.26122835, -0.097863056)
bones/26/rotation = Quaternion(0.08095279, 0.55129546, -0.82647187, -0.080401495)
bones/27/rotation = Quaternion(0.0035856601, 0.99985886, 0.016056579, -0.0034337253)

[node name="Hair_012" parent="CharacterBody3D/MAsked Gli/Armature/Skeleton" index="0" unique_id=1287714080]
transform = Transform3D(0.9970639, -0.07648906, -0.0036543012, 0.07410838, 0.97584784, -0.20549634, 0.019284338, 0.20462207, 0.97865105, -0.14983094, 8.45744, 0.655124)

[node name="Hair_013" parent="CharacterBody3D/MAsked Gli/Armature/Skeleton" index="1" unique_id=873901604]
transform = Transform3D(0.9970639, -0.07648906, -0.0036543012, 0.07410838, 0.97584784, -0.20549634, 0.019284338, 0.20462207, 0.97865105, -0.14983094, 8.45744, 0.655124)

[node name="Hair_014" parent="CharacterBody3D/MAsked Gli/Armature/Skeleton" index="2" unique_id=476379738]
transform = Transform3D(0.9970639, -0.07648906, -0.0036543012, 0.07410838, 0.97584784, -0.20549634, 0.019284338, 0.20462207, 0.97865105, -0.14983094, 8.45744, 0.655124)

[node name="Hair_015" parent="CharacterBody3D/MAsked Gli/Armature/Skeleton" index="3" unique_id=1497028541]
transform = Transform3D(0.9970639, -0.07648906, -0.0036543012, 0.07410838, 0.97584784, -0.20549634, 0.019284338, 0.20462207, 0.97865105, -0.14983094, 8.45744, 0.655124)

[node name="Hair_016" parent="CharacterBody3D/MAsked Gli/Armature/Skeleton" index="4" unique_id=2050593926]
transform = Transform3D(0.9970639, -0.07648906, -0.0036543012, 0.07410838, 0.97584784, -0.20549634, 0.019284338, 0.20462207, 0.97865105, -0.14983094, 8.45744, 0.655124)

[node name="Hair_017" parent="CharacterBody3D/MAsked Gli/Armature/Skeleton" index="5" unique_id=524858109]
transform = Transform3D(0.9970639, -0.07648906, -0.0036543012, 0.07410838, 0.97584784, -0.20549634, 0.019284338, 0.20462207, 0.97865105, -0.14983094, 8.45744, 0.655124)

[node name="Hair_018" parent="CharacterBody3D/MAsked Gli/Armature/Skeleton" index="6" unique_id=1687165182]
transform = Transform3D(0.9970639, -0.07648906, -0.0036543012, 0.07410838, 0.97584784, -0.20549634, 0.019284338, 0.20462207, 0.97865105, -0.14983094, 8.45744, 0.655124)

[node name="Hair_019" parent="CharacterBody3D/MAsked Gli/Armature/Skeleton" index="7" unique_id=1727726647]
transform = Transform3D(0.9970639, -0.07648906, -0.0036543012, 0.07410838, 0.97584784, -0.20549634, 0.019284338, 0.20462207, 0.97865105, -0.14983094, 8.45744, 0.655124)

[node name="Hair_020" parent="CharacterBody3D/MAsked Gli/Armature/Skeleton" index="8" unique_id=25484365]
transform = Transform3D(0.9970639, -0.07648906, -0.0036543012, 0.07410838, 0.97584784, -0.20549634, 0.019284338, 0.20462207, 0.97865105, -0.14983094, 8.45744, 0.655124)

[node name="Hair_021" parent="CharacterBody3D/MAsked Gli/Armature/Skeleton" index="9" unique_id=1073871996]
transform = Transform3D(0.9970639, -0.07648906, -0.0036543012, 0.07410838, 0.97584784, -0.20549634, 0.019284338, 0.20462207, 0.97865105, -0.14983094, 8.45744, 0.655124)

[node name="Hair_022" parent="CharacterBody3D/MAsked Gli/Armature/Skeleton" index="10" unique_id=1561061912]
transform = Transform3D(0.9970639, -0.07648906, -0.0036543012, 0.07410838, 0.97584784, -0.20549634, 0.019284338, 0.20462207, 0.97865105, -0.14983094, 8.45744, 0.655124)

[node name="Hair_023" parent="CharacterBody3D/MAsked Gli/Armature/Skeleton" index="11" unique_id=1993777387]
transform = Transform3D(0.9970639, -0.07648906, -0.0036543012, 0.07410838, 0.97584784, -0.20549634, 0.019284338, 0.20462207, 0.97865105, -0.14983094, 8.45744, 0.655124)

[node name="Hair_024" parent="CharacterBody3D/MAsked Gli/Armature/Skeleton" index="12" unique_id=232467729]
transform = Transform3D(0.9970639, -0.07648906, -0.0036543012, 0.07410838, 0.97584784, -0.20549634, 0.019284338, 0.20462207, 0.97865105, -0.14983094, 8.45744, 0.655124)

[node name="Hair_025" parent="CharacterBody3D/MAsked Gli/Armature/Skeleton" index="13" unique_id=1273808181]
transform = Transform3D(0.9970639, -0.07648906, -0.0036543012, 0.07410838, 0.97584784, -0.20549634, 0.019284338, 0.20462207, 0.97865105, -0.14983094, 8.45744, 0.655124)

[node name="Hair_026" parent="CharacterBody3D/MAsked Gli/Armature/Skeleton" index="14" unique_id=724191067]
transform = Transform3D(0.9970639, -0.07648906, -0.0036543012, 0.07410838, 0.97584784, -0.20549634, 0.019284338, 0.20462207, 0.97865105, -0.14983094, 8.45744, 0.655124)

[node name="Hair_027" parent="CharacterBody3D/MAsked Gli/Armature/Skeleton" index="15" unique_id=1791855920]
transform = Transform3D(0.9970639, -0.07648906, -0.0036543012, 0.07410838, 0.97584784, -0.20549634, 0.019284338, 0.20462207, 0.97865105, -0.14983094, 8.45744, 0.655124)

[node name="Hair_028" parent="CharacterBody3D/MAsked Gli/Armature/Skeleton" index="16" unique_id=752217555]
transform = Transform3D(0.9970639, -0.07648906, -0.0036543012, 0.07410838, 0.97584784, -0.20549634, 0.019284338, 0.20462207, 0.97865105, -0.14983094, 8.45744, 0.655124)

[node name="Hair_029" parent="CharacterBody3D/MAsked Gli/Armature/Skeleton" index="17" unique_id=1986281236]
transform = Transform3D(0.9970639, -0.07648906, -0.0036543012, 0.07410838, 0.97584784, -0.20549634, 0.019284338, 0.20462207, 0.97865105, -0.14983094, 8.45744, 0.655124)

[node name="Hair_030" parent="CharacterBody3D/MAsked Gli/Armature/Skeleton" index="18" unique_id=532791653]
transform = Transform3D(0.9970639, -0.07648906, -0.0036543012, 0.07410838, 0.97584784, -0.20549634, 0.019284338, 0.20462207, 0.97865105, -0.14983094, 8.45744, 0.655124)

[node name="Hair_031" parent="CharacterBody3D/MAsked Gli/Armature/Skeleton" index="19" unique_id=274816526]
transform = Transform3D(0.9970639, -0.07648906, -0.0036543012, 0.07410838, 0.97584784, -0.20549634, 0.019284338, 0.20462207, 0.97865105, -0.14983094, 8.45744, 0.655124)

[node name="Hair_032" parent="CharacterBody3D/MAsked Gli/Armature/Skeleton" index="20" unique_id=138949315]
transform = Transform3D(0.9970639, -0.07648906, -0.0036543012, 0.07410838, 0.97584784, -0.20549634, 0.019284338, 0.20462207, 0.97865105, -0.14983094, 8.45744, 0.655124)

[node name="Hair_033" parent="CharacterBody3D/MAsked Gli/Armature/Skeleton" index="21" unique_id=765586267]
transform = Transform3D(0.9970639, -0.07648906, -0.0036543012, 0.07410838, 0.97584784, -0.20549634, 0.019284338, 0.20462207, 0.97865105, -0.14983094, 8.45744, 0.655124)

[node name="Hair_034" parent="CharacterBody3D/MAsked Gli/Armature/Skeleton" index="22" unique_id=1974956672]
transform = Transform3D(0.9970639, -0.07648906, -0.0036543012, 0.07410838, 0.97584784, -0.20549634, 0.019284338, 0.20462207, 0.97865105, -0.14983094, 8.45744, 0.655124)

[node name="Icosphere" parent="CharacterBody3D/MAsked Gli/Armature/Skeleton" index="23" unique_id=257716365]
transform = Transform3D(0.9970639, -0.07648906, -0.0036543012, 0.07410838, 0.97584784, -0.20549634, 0.019284338, 0.20462207, 0.97865105, -0.14983094, 8.45744, 0.655124)

[node name="RightArmGraft" parent="CharacterBody3D/MAsked Gli/Armature/Skeleton" index="46" unique_id=1562468153]
transform = Transform3D(-0.10211444, -0.936954, -0.33420074, 0.967957, -0.17106521, 0.1838353, -0.22941534, -0.30471975, 0.9243994, -1.4179337, 6.646767, -0.9956062)

[node name="LeftLegGraft" parent="CharacterBody3D/MAsked Gli/Armature/Skeleton" index="47" unique_id=1148643271]
transform = Transform3D(-0.83367777, -0.2152798, -0.50856245, -0.07877909, -0.8651125, 0.49535245, -0.5466031, 0.45302847, 0.7042658, 0.51221544, 4.9866495, 0.46003914)

[node name="AnimationTree" type="AnimationTree" parent="CharacterBody3D/MAsked Gli" parent_id_path=PackedInt32Array(1051319031, 1915688629) index="1" unique_id=578688468]
tree_root = SubResource("AnimationNodeStateMachine_4x40y")
anim_player = NodePath("../AnimationPlayer")
parameters/conditions/if = false

[node name="StateMachine" type="Node" parent="CharacterBody3D" unique_id=1056697412 node_paths=PackedStringArray("anim_tree", "initial_state")]
script = ExtResource("12_4x40y")
anim_tree = NodePath("../MAsked Gli/AnimationTree")
initial_state = NodePath("Idle")

[node name="Idle" type="Node" parent="CharacterBody3D/StateMachine" unique_id=1122143463 node_paths=PackedStringArray("move_state", "jump_state", "fall_state")]
script = ExtResource("13_bv03a")
move_state = NodePath("../Move")
jump_state = NodePath("../Jump")
fall_state = NodePath("../Fall")

[node name="Move" type="Node" parent="CharacterBody3D/StateMachine" unique_id=1340150942 node_paths=PackedStringArray("idle_state", "jump_state", "fall_state")]
script = ExtResource("14_m5tkt")
idle_state = NodePath("../Idle")
jump_state = NodePath("../Jump")
fall_state = NodePath("../Fall")

[node name="Jump" type="Node" parent="CharacterBody3D/StateMachine" unique_id=415974232 node_paths=PackedStringArray("fall_state")]
script = ExtResource("15_35oox")
fall_state = NodePath("../Fall")

[node name="Fall" type="Node" parent="CharacterBody3D/StateMachine" unique_id=1970734466 node_paths=PackedStringArray("idle_state")]
script = ExtResource("16_x4ex4")
idle_state = NodePath("../Idle")

[node name="StaticBody3D2" type="StaticBody3D" parent="." unique_id=292304798]
transform = Transform3D(1, 0, 0, 0, 1, 0, 0, 0, 1, 21.763466, 0, 0)

[node name="CollisionShape3D" type="CollisionShape3D" parent="StaticBody3D2" unique_id=1018154552]
transform = Transform3D(1, 0, 0, 0, 1, 0, 0, 0, 1, 0.0017776489, -0.032079697, 1.5013733)
shape = SubResource("BoxShape3D_p0sxm")

[node name="MeshInstance3D" type="MeshInstance3D" parent="StaticBody3D2" unique_id=29228734]
transform = Transform3D(0.607337, 0, 0, 0, 1, 0, 0, 0, 4.0559435, -1.3688774, -0.044465423, 1.1215179)
mesh = SubResource("PlaneMesh_5t58r")

[node name="Camera3D" type="Camera3D" parent="StaticBody3D2" unique_id=727148544]
transform = Transform3D(-0.57224613, 0, -0.82008195, 0, 1, 0, 0.82008195, 0, -0.57224613, -26.80947, 1.1419265, -0.3482822)
fov = 35.0

[node name="Camera3D2" type="Camera3D" parent="StaticBody3D2" unique_id=1449115877]
transform = Transform3D(-0.57224613, 0, -0.82008195, 0, 1, 0, 0.82008195, 0, -0.57224613, -26.910963, 1.1352075, -0.46053088)
fov = 35.0

[node name="Camera3D3" type="Camera3D" parent="StaticBody3D2" unique_id=1729118768]
transform = Transform3D(0.06412363, 0.15237945, -0.98623973, 0.04282459, 0.9869431, 0.1552725, 0.99702275, -0.052191943, 0.056760788, -25.079876, 1.1501219, 2.0110793)
fov = 35.0

[node name="Camera3D4" type="Camera3D" parent="StaticBody3D2" unique_id=117459631]
transform = Transform3D(0.06110791, 0.16383155, -0.9845938, -0.016862106, 0.98646605, 0.16309653, 0.9979887, 0.006635838, 0.06304342, -19.207348, 1.1514891, 1.8869927)
fov = 35.0

[node name="Go To Street 1" type="Area3D" parent="StaticBody3D2/Camera3D4" unique_id=1498089822]
transform = Transform3D(1, 0, 0, 0, 1, 0, 0, 0, 1, 1.4901161e-08, -1.9373946, 5.4663424)
collision_mask = 2
script = ExtResource("33_7kjms")
target_street = "Street1"
spawn_name = "Spawn_FromStreet2"

[node name="CollisionShape3D" type="CollisionShape3D" parent="StaticBody3D2/Camera3D4/Go To Street 1" unique_id=909392335]
transform = Transform3D(-0.0713061, 0.010715303, -0.99739695, -0.08507854, 0.99623287, 0.016785264, 0.9938195, 0.08605397, -0.07012584, 0, 0, 0)
shape = SubResource("BoxShape3D_kuj8k")

[node name="Camera3D7" type="Camera3D" parent="StaticBody3D2" unique_id=2090674726]
transform = Transform3D(0.063283615, 0.06353912, -0.9959709, -0.00370022, 0.99797934, 0.063432135, 0.99798876, -0.00032890358, 0.06339085, -12.038593, 1.626481, 1.9668071)
fov = 35.0

[node name="Camera3D5" type="Camera3D" parent="StaticBody3D2" unique_id=1820832620]
transform = Transform3D(0.84892386, 0.100476585, -0.5188764, -0.016862107, 0.9864119, 0.1634236, 0.52824605, -0.12998483, 0.8390827, -12.40984, 2.3271177, 4.681605)
fov = 35.0

[node name="Camera3D6" type="Camera3D" parent="StaticBody3D2" unique_id=783379104]
transform = Transform3D(-0.87579596, 0.079428755, -0.4761014, -0.016862107, 0.9807307, 0.19463497, 0.48238698, 0.17848861, -0.8575807, -11.892589, 3.0857496, -2.5924182)
fov = 35.0

[node name="UI Elements" type="CanvasLayer" parent="." unique_id=1425335881]

[node name="Prompt" parent="UI Elements" unique_id=566110442 instance=ExtResource("18_y76e6")]
visible = false

[node name="DialBox" parent="UI Elements" unique_id=1810109422 instance=ExtResource("19_6s336")]
visible = false

[node name="DialogueManager" type="Node" parent="." unique_id=168019390 node_paths=PackedStringArray("dialBox")]
script = ExtResource("20_q0hrt")
dialBox = NodePath("../UI Elements/DialBox")

[node name="PromptManager" type="Node" parent="." unique_id=75729951 node_paths=PackedStringArray("interactPrompt")]
script = ExtResource("21_1f4xf")
interactPrompt = NodePath("../UI Elements/Prompt")

[node name="CamMan" type="Node3D" parent="." unique_id=2011278913]
transform = Transform3D(0.1, 0, 0, 0, 0.1, 0, 0, 0, 0.1, 0, 0.08300817, 0)
script = ExtResource("22_6s336")
metadata/_custom_type_script = "uid://chd4v2dchvucb"

[node name="PauseHandler" type="Node" parent="." unique_id=1979687510 node_paths=PackedStringArray("canvas")]
process_mode = 3
script = ExtResource("22_ulbni")
canvas = NodePath("../UI Elements")

[node name="CameraSwitch" parent="." unique_id=117350085 node_paths=PackedStringArray("cam") groups=["camera_switches"] instance=ExtResource("31_5uvlk")]
transform = Transform3D(1, 0, 0, 0, 1, 0, 0, 0, 1, 0.7730894, 0, 0.935164)
cam = NodePath("../StaticBody3D2/Camera3D2")

[node name="CollisionShape3D" parent="CameraSwitch" index="0" unique_id=1021442571]
transform = Transform3D(1, 0, 0, 0, 1, 0, 0, 0, 1, -1.8683188, 0.52893776, 0.2891097)
shape = SubResource("BoxShape3D_ocjc5")

[node name="CameraSwitch2" parent="." unique_id=259405411 node_paths=PackedStringArray("cam") groups=["camera_switches"] instance=ExtResource("31_5uvlk")]
transform = Transform3D(1, 0, 0, 0, 1, 0, 0, 0, 1, 4.8148365, 0, 1.0309443)
cam = NodePath("../StaticBody3D2/Camera3D3")

[node name="CollisionShape3D" parent="CameraSwitch2" index="0" unique_id=1021442571]
transform = Transform3D(1, 0, 0, 0, 1, 0, 0, 0, 1, -1.2069213, 0.52893776, 0.6840701)
shape = SubResource("BoxShape3D_7kjms")

[node name="CameraSwitch3" parent="." unique_id=254314563 node_paths=PackedStringArray("cam") groups=["camera_switches"] instance=ExtResource("31_5uvlk")]
transform = Transform3D(1, 0, 0, 0, 1, 0, 0, 0, 1, 9.522167, 0, 1.0309443)
cam = NodePath("../StaticBody3D2/Camera3D4")

[node name="CollisionShape3D" parent="CameraSwitch3" index="0" unique_id=1021442571]
transform = Transform3D(1, 0, 0, 0, 1, 0, 0, 0, 1, -1.2069213, 0.52893776, 0.6840701)
shape = SubResource("BoxShape3D_7kjms")

[node name="CameraSwitch6" parent="." unique_id=1676056754 node_paths=PackedStringArray("cam") groups=["camera_switches"] instance=ExtResource("31_5uvlk")]
transform = Transform3D(1, 0, 0, 0, 1, 0, 0, 0, 1, 18.946299, 0, 1.0309443)
cam = NodePath("../StaticBody3D2/Camera3D7")

[node name="CollisionShape3D" parent="CameraSwitch6" index="0" unique_id=1021442571]
transform = Transform3D(1, 0, 0, 0, 1, 0, 0, 0, 1, -1.2069213, 0.52893776, 0.6840701)
shape = SubResource("BoxShape3D_7kjms")

[node name="CameraSwitch4" parent="." unique_id=1742281163 node_paths=PackedStringArray("cam") groups=["camera_switches"] instance=ExtResource("31_5uvlk")]
transform = Transform3D(1, 0, 0, 0, 1, 0, 0, 0, 1, 14.450199, 0, 1.0309443)
cam = NodePath("../StaticBody3D2/Camera3D5")

[node name="CollisionShape3D" parent="CameraSwitch4" index="0" unique_id=1021442571]
