[gd_scene format=3 uid="uid://cljfxgcfyk4fv"]

[ext_resource type="PackedScene" uid="uid://dumgnjj1m80d0" path="res://EquipMenu.tscn" id="1_cammf"]
[ext_resource type="Script" uid="uid://cvrmcslx3dyrr" path="res://Grafting/Grafting_UI.gd" id="1_nsmwh"]
[ext_resource type="Texture2D" uid="uid://cnrnvcin8rpus" path="res://Grafting/arm icon.png" id="2_l3mp2"]
[ext_resource type="Material" uid="uid://t07ec0vtnteb" path="res://Shaders/Blur.tres" id="2_nsmwh"]
[ext_resource type="Texture2D" uid="uid://dfq6hkm4cc71f" path="res://images/icon.svg" id="3_lvtd6"]
[ext_resource type="Texture2D" uid="uid://fodpwarglyty" path="res://Grafting/saw icon.png" id="3_n4bap"]
[ext_resource type="Texture2D" uid="uid://dganjay82mm7b" path="res://SimpleFlatKeys/Dark/0-Key.png" id="4_g7rxt"]
[ext_resource type="Texture2D" uid="uid://lk17a0nohra3" path="res://Grafting/sledgehammer icon.png" id="4_gjxvf"]

[sub_resource type="Theme" id="Theme_3faqq"]

[sub_resource type="LabelSettings" id="LabelSettings_o00t5"]
font_size = 62

[node name="Control" type="Control" unique_id=992539865 node_paths=PackedStringArray("leftLegButton", "rightArmButton")]
process_mode = 3
layout_mode = 3
anchors_preset = 15
anchor_right = 1.0
anchor_bottom = 1.0
grow_horizontal = 2
grow_vertical = 2
mouse_default_cursor_shape = 2
script = ExtResource("1_nsmwh")
armIcons = Array[Texture2D]([ExtResource("2_l3mp2"), ExtResource("3_n4bap")])
legIcons = Array[Texture2D]([ExtResource("2_l3mp2"), ExtResource("4_gjxvf")])
leftLegButton = NodePath("ColorRect/VBoxContainer/HBoxContainer2/TextureButton")
rightArmButton = NodePath("ColorRect2/VBoxContainer/HBoxContainer/TextureButton")

[node name="SubViewportContainer" type="SubViewportContainer" parent="." unique_id=577141664]
layout_mode = 1
anchors_preset = 15
anchor_right = 1.0
anchor_bottom = 1.0
grow_horizontal = 2
grow_vertical = 2
stretch = true

[node name="SubViewport" type="SubViewport" parent="SubViewportContainer" unique_id=1465387068]
own_world_3d = true
handle_input_locally = false
size = Vector2i(1920, 1080)
render_target_update_mode = 4

[node name="Node3D" parent="SubViewportContainer/SubViewport" unique_id=1653024157 instance=ExtResource("1_cammf")]

[node name="Skeleton" parent="SubViewportContainer/SubViewport/Node3D/CharacterBody3D/MAsked Gli/Armature" parent_id_path=PackedInt32Array(1653024157, 201702736, 1424227123) index="0" unique_id=311386290]
bones/0/position = Vector3(-0.013579376, 5.568935, 0.009823829)
bones/0/rotation = Quaternion(-0.026588378, -0.0013599106, -0.010585135, 0.9995895)
bones/1/rotation = Quaternion(0.013826033, -0.0023302173, 0.0009421809, 0.9999013)
bones/2/rotation = Quaternion(0.013565359, -0.01841496, 0.0020241078, 0.99973637)
bones/3/rotation = Quaternion(0.013489633, -0.018367512, 0.0023989556, 0.99973744)
bones/4/rotation = Quaternion(-0.002688679, 0.00803271, -0.012363933, 0.9998877)
bones/5/rotation = Quaternion(0.0373536, -0.014926055, 0.034164976, 0.9986064)
bones/8/rotation = Quaternion(0.4999991, 0.5000009, 0.49999917, -0.500001)
bones/9/rotation = Quaternion(0.18288286, 0.9513588, -0.24074739, -0.059254512)
bones/10/rotation = Quaternion(0.054307647, -0.8464297, 0.17600697, 0.49962902)
bones/11/rotation = Quaternion(0.046228614, 0.7718109, -0.08546929, 0.6283836)
bones/13/rotation = Quaternion(0.43671358, -0.5524055, -0.46482718, -0.53671706)
bones/14/rotation = Quaternion(-0.1807679, 0.95458996, -0.23439395, 0.03377217)
bones/15/rotation = Quaternion(0.057518568, 0.8492967, -0.17895561, 0.49331704)
bones/16/rotation = Quaternion(-0.029321572, -0.7629688, 0.04798857, 0.64398456)
bones/18/rotation = Quaternion(6.5485874e-11, -7.288713e-10, 1, -5.960508e-08)
bones/19/rotation = Quaternion(-0.029092435, 0.97165275, -0.21423213, 0.095651604)
bones/20/rotation = Quaternion(0.03409384, 0.6130407, -0.7880482, 0.04471003)
bones/21/rotation = Quaternion(7.191306e-07, 0.9999994, 0.0011231601, -5.3473815e-07)
bones/24/rotation = Quaternion(-0.102056146, 0.06427208, 0.9926921, -0.00402823)
bones/25/rotation = Quaternion(0.02236867, 0.98185384, -0.1790689, -0.05828411)
bones/26/rotation = Quaternion(-0.0039489125, 0.6422633, -0.76586515, -0.030544747)
bones/27/rotation = Quaternion(-7.006913e-07, 1, -3.2782555e-07, 3.9512668e-07)

[node name="Hair_012" parent="SubViewportContainer/SubViewport/Node3D/CharacterBody3D/MAsked Gli/Armature/Skeleton" index="0" unique_id=1287714080]
transform = Transform3D(0.9946318, -0.04112623, -0.0949543, 0.031880386, 0.99478203, -0.096913815, 0.09844455, 0.093366385, 0.9907529, 0.0400483, 8.891133, 0.06900609)

[node name="Hair_012" parent="SubViewportContainer/SubViewport/Node3D/CharacterBody3D/MAsked Gli/Armature/Skeleton/Hair_012" index="0" unique_id=1951361331]
surface_material_override/0 = null

[node name="Hair_013" parent="SubViewportContainer/SubViewport/Node3D/CharacterBody3D/MAsked Gli/Armature/Skeleton" index="1" unique_id=873901604]
transform = Transform3D(0.9946318, -0.04112623, -0.0949543, 0.031880386, 0.99478203, -0.096913815, 0.09844455, 0.093366385, 0.9907529, 0.0400483, 8.891133, 0.06900609)

[node name="Hair_013" parent="SubViewportContainer/SubViewport/Node3D/CharacterBody3D/MAsked Gli/Armature/Skeleton/Hair_013" index="0" unique_id=1333574479]
surface_material_override/0 = null

[node name="Hair_014" parent="SubViewportContainer/SubViewport/Node3D/CharacterBody3D/MAsked Gli/Armature/Skeleton" index="2" unique_id=476379738]
transform = Transform3D(0.9946318, -0.04112623, -0.0949543, 0.031880386, 0.99478203, -0.096913815, 0.09844455, 0.093366385, 0.9907529, 0.0400483, 8.891133, 0.06900609)

[node name="Hair_014" parent="SubViewportContainer/SubViewport/Node3D/CharacterBody3D/MAsked Gli/Armature/Skeleton/Hair_014" index="0" unique_id=290898784]
surface_material_override/0 = null

[node name="Hair_015" parent="SubViewportContainer/SubViewport/Node3D/CharacterBody3D/MAsked Gli/Armature/Skeleton" index="3" unique_id=1497028541]
transform = Transform3D(0.9946318, -0.04112623, -0.0949543, 0.031880386, 0.99478203, -0.096913815, 0.09844455, 0.093366385, 0.9907529, 0.0400483, 8.891133, 0.06900609)

[node name="Hair_015" parent="SubViewportContainer/SubViewport/Node3D/CharacterBody3D/MAsked Gli/Armature/Skeleton/Hair_015" index="0" unique_id=2084059942]
surface_material_override/0 = null

[node name="Hair_016" parent="SubViewportContainer/SubViewport/Node3D/CharacterBody3D/MAsked Gli/Armature/Skeleton" index="4" unique_id=2050593926]
transform = Transform3D(0.9946318, -0.04112623, -0.0949543, 0.031880386, 0.99478203, -0.096913815, 0.09844455, 0.093366385, 0.9907529, 0.0400483, 8.891133, 0.06900609)

[node name="Hair_016" parent="SubViewportContainer/SubViewport/Node3D/CharacterBody3D/MAsked Gli/Armature/Skeleton/Hair_016" index="0" unique_id=1877561009]
surface_material_override/0 = null

[node name="Hair_017" parent="SubViewportContainer/SubViewport/Node3D/CharacterBody3D/MAsked Gli/Armature/Skeleton" index="5" unique_id=524858109]
transform = Transform3D(0.9946318, -0.04112623, -0.0949543, 0.031880386, 0.99478203, -0.096913815, 0.09844455, 0.093366385, 0.9907529, 0.0400483, 8.891133, 0.06900609)

[node name="Hair_017" parent="SubViewportContainer/SubViewport/Node3D/CharacterBody3D/MAsked Gli/Armature/Skeleton/Hair_017" index="0" unique_id=225561398]
surface_material_override/0 = null

[node name="Hair_018" parent="SubViewportContainer/SubViewport/Node3D/CharacterBody3D/MAsked Gli/Armature/Skeleton" index="6" unique_id=1687165182]
transform = Transform3D(0.9946318, -0.04112623, -0.0949543, 0.031880386, 0.99478203, -0.096913815, 0.09844455, 0.093366385, 0.9907529, 0.0400483, 8.891133, 0.06900609)

[node name="Hair_018" parent="SubViewportContainer/SubViewport/Node3D/CharacterBody3D/MAsked Gli/Armature/Skeleton/Hair_018" index="0" unique_id=1092096268]
surface_material_override/0 = null

[node name="Hair_019" parent="SubViewportContainer/SubViewport/Node3D/CharacterBody3D/MAsked Gli/Armature/Skeleton" index="7" unique_id=1727726647]
transform = Transform3D(0.9946318, -0.04112623, -0.0949543, 0.031880386, 0.99478203, -0.096913815, 0.09844455, 0.093366385, 0.9907529, 0.0400483, 8.891133, 0.06900609)

[node name="Hair_019" parent="SubViewportContainer/SubViewport/Node3D/CharacterBody3D/MAsked Gli/Armature/Skeleton/Hair_019" index="0" unique_id=1971207923]
surface_material_override/0 = null

[node name="Hair_020" parent="SubViewportContainer/SubViewport/Node3D/CharacterBody3D/MAsked Gli/Armature/Skeleton" index="8" unique_id=25484365]
transform = Transform3D(0.9946318, -0.04112623, -0.0949543, 0.031880386, 0.99478203, -0.096913815, 0.09844455, 0.093366385, 0.9907529, 0.0400483, 8.891133, 0.06900609)

[node name="Hair_020" parent="SubViewportContainer/SubViewport/Node3D/CharacterBody3D/MAsked Gli/Armature/Skeleton/Hair_020" index="0" unique_id=880474033]
surface_material_override/0 = null

[node name="Hair_021" parent="SubViewportContainer/SubViewport/Node3D/CharacterBody3D/MAsked Gli/Armature/Skeleton" index="9" unique_id=1073871996]
transform = Transform3D(0.9946318, -0.04112623, -0.0949543, 0.031880386, 0.99478203, -0.096913815, 0.09844455, 0.093366385, 0.9907529, 0.0400483, 8.891133, 0.06900609)

[node name="Hair_021" parent="SubViewportContainer/SubViewport/Node3D/CharacterBody3D/MAsked Gli/Armature/Skeleton/Hair_021" index="0" unique_id=698937131]
surface_material_override/0 = null

[node name="Hair_022" parent="SubViewportContainer/SubViewport/Node3D/CharacterBody3D/MAsked Gli/Armature/Skeleton" index="10" unique_id=1561061912]
transform = Transform3D(0.9946318, -0.04112623, -0.0949543, 0.031880386, 0.99478203, -0.096913815, 0.09844455, 0.093366385, 0.9907529, 0.0400483, 8.891133, 0.06900609)

[node name="Hair_022" parent="SubViewportContainer/SubViewport/Node3D/CharacterBody3D/MAsked Gli/Armature/Skeleton/Hair_022" index="0" unique_id=6161038]
surface_material_override/0 = null

[node name="Hair_023" parent="SubViewportContainer/SubViewport/Node3D/CharacterBody3D/MAsked Gli/Armature/Skeleton" index="11" unique_id=1993777387]
transform = Transform3D(0.9946318, -0.04112623, -0.0949543, 0.031880386, 0.99478203, -0.096913815, 0.09844455, 0.093366385, 0.9907529, 0.0400483, 8.891133, 0.06900609)

[node name="Hair_023" parent="SubViewportContainer/SubViewport/Node3D/CharacterBody3D/MAsked Gli/Armature/Skeleton/Hair_023" index="0" unique_id=1994695443]
surface_material_override/0 = null

[node name="Hair_024" parent="SubViewportContainer/SubViewport/Node3D/CharacterBody3D/MAsked Gli/Armature/Skeleton" index="12" unique_id=232467729]
transform = Transform3D(0.9946318, -0.04112623, -0.0949543, 0.031880386, 0.99478203, -0.096913815, 0.09844455, 0.093366385, 0.9907529, 0.0400483, 8.891133, 0.06900609)

[node name="Hair_024" parent="SubViewportContainer/SubViewport/Node3D/CharacterBody3D/MAsked Gli/Armature/Skeleton/Hair_024" index="0" unique_id=1189578407]
surface_material_override/0 = null

[node name="Hair_025" parent="SubViewportContainer/SubViewport/Node3D/CharacterBody3D/MAsked Gli/Armature/Skeleton" index="13" unique_id=1273808181]
transform = Transform3D(0.9946318, -0.04112623, -0.0949543, 0.031880386, 0.99478203, -0.096913815, 0.09844455, 0.093366385, 0.9907529, 0.0400483, 8.891133, 0.06900609)

[node name="Hair_025" parent="SubViewportContainer/SubViewport/Node3D/CharacterBody3D/MAsked Gli/Armature/Skeleton/Hair_025" index="0" unique_id=104699520]
surface_material_override/0 = null

[node name="Hair_026" parent="SubViewportContainer/SubViewport/Node3D/CharacterBody3D/MAsked Gli/Armature/Skeleton" index="14" unique_id=724191067]
transform = Transform3D(0.9946318, -0.04112623, -0.0949543, 0.031880386, 0.99478203, -0.096913815, 0.09844455, 0.093366385, 0.9907529, 0.0400483, 8.891133, 0.06900609)

[node name="Hair_026" parent="SubViewportContainer/SubViewport/Node3D/CharacterBody3D/MAsked Gli/Armature/Skeleton/Hair_026" index="0" unique_id=1360980819]
surface_material_override/0 = null

[node name="Hair_027" parent="SubViewportContainer/SubViewport/Node3D/CharacterBody3D/MAsked Gli/Armature/Skeleton" index="15" unique_id=1791855920]
transform = Transform3D(0.9946318, -0.04112623, -0.0949543, 0.031880386, 0.99478203, -0.096913815, 0.09844455, 0.093366385, 0.9907529, 0.0400483, 8.891133, 0.06900609)

[node name="Hair_027" parent="SubViewportContainer/SubViewport/Node3D/CharacterBody3D/MAsked Gli/Armature/Skeleton/Hair_027" index="0" unique_id=185309685]
surface_material_override/0 = null

[node name="Hair_028" parent="SubViewportContainer/SubViewport/Node3D/CharacterBody3D/MAsked Gli/Armature/Skeleton" index="16" unique_id=752217555]
transform = Transform3D(0.9946318, -0.04112623, -0.0949543, 0.031880386, 0.99478203, -0.096913815, 0.09844455, 0.093366385, 0.9907529, 0.0400483, 8.891133, 0.06900609)

[node name="Hair_028" parent="SubViewportContainer/SubViewport/Node3D/CharacterBody3D/MAsked Gli/Armature/Skeleton/Hair_028" index="0" unique_id=140129784]
surface_material_override/0 = null

[node name="Hair_029" parent="SubViewportContainer/SubViewport/Node3D/CharacterBody3D/MAsked Gli/Armature/Skeleton" index="17" unique_id=1986281236]
transform = Transform3D(0.9946318, -0.04112623, -0.0949543, 0.031880386, 0.99478203, -0.096913815, 0.09844455, 0.093366385, 0.9907529, 0.0400483, 8.891133, 0.06900609)

[node name="Hair_029" parent="SubViewportContainer/SubViewport/Node3D/CharacterBody3D/MAsked Gli/Armature/Skeleton/Hair_029" index="0" unique_id=146510434]
surface_material_override/0 = null

[node name="Hair_030" parent="SubViewportContainer/SubViewport/Node3D/CharacterBody3D/MAsked Gli/Armature/Skeleton" index="18" unique_id=532791653]
transform = Transform3D(0.9946318, -0.04112623, -0.0949543, 0.031880386, 0.99478203, -0.096913815, 0.09844455, 0.093366385, 0.9907529, 0.0400483, 8.891133, 0.06900609)

[node name="Hair_030" parent="SubViewportContainer/SubViewport/Node3D/CharacterBody3D/MAsked Gli/Armature/Skeleton/Hair_030" index="0" unique_id=1646815624]
surface_material_override/0 = null

[node name="Hair_031" parent="SubViewportContainer/SubViewport/Node3D/CharacterBody3D/MAsked Gli/Armature/Skeleton" index="19" unique_id=274816526]
transform = Transform3D(0.9946318, -0.04112623, -0.0949543, 0.031880386, 0.99478203, -0.096913815, 0.09844455, 0.093366385, 0.9907529, 0.0400483, 8.891133, 0.06900609)

[node name="Hair_031" parent="SubViewportContainer/SubViewport/Node3D/CharacterBody3D/MAsked Gli/Armature/Skeleton/Hair_031" index="0" unique_id=2059392675]
surface_material_override/0 = null

[node name="Hair_032" parent="SubViewportContainer/SubViewport/Node3D/CharacterBody3D/MAsked Gli/Armature/Skeleton" index="20" unique_id=138949315]
transform = Transform3D(0.9946318, -0.04112623, -0.0949543, 0.031880386, 0.99478203, -0.096913815, 0.09844455, 0.093366385, 0.9907529, 0.0400483, 8.891133, 0.06900609)

[node name="Hair_032" parent="SubViewportContainer/SubViewport/Node3D/CharacterBody3D/MAsked Gli/Armature/Skeleton/Hair_032" index="0" unique_id=2005110713]
surface_material_override/0 = null

[node name="Hair_033" parent="SubViewportContainer/SubViewport/Node3D/CharacterBody3D/MAsked Gli/Armature/Skeleton" index="21" unique_id=765586267]
transform = Transform3D(0.9946318, -0.04112623, -0.0949543, 0.031880386, 0.99478203, -0.096913815, 0.09844455, 0.093366385, 0.9907529, 0.0400483, 8.891133, 0.06900609)

[node name="Hair_033" parent="SubViewportContainer/SubViewport/Node3D/CharacterBody3D/MAsked Gli/Armature/Skeleton/Hair_033" index="0" unique_id=352850340]
surface_material_override/0 = null

[node name="Hair_034" parent="SubViewportContainer/SubViewport/Node3D/CharacterBody3D/MAsked Gli/Armature/Skeleton" index="22" unique_id=1974956672]
transform = Transform3D(0.9946318, -0.04112623, -0.0949543, 0.031880386, 0.99478203, -0.096913815, 0.09844455, 0.093366385, 0.9907529, 0.0400483, 8.891133, 0.06900609)

[node name="Hair_034" parent="SubViewportContainer/SubViewport/Node3D/CharacterBody3D/MAsked Gli/Armature/Skeleton/Hair_034" index="0" unique_id=1307167061]
surface_material_override/0 = null

[node name="Icosphere" parent="SubViewportContainer/SubViewport/Node3D/CharacterBody3D/MAsked Gli/Armature/Skeleton" index="23" unique_id=257716365]
transform = Transform3D(0.9946318, -0.04112623, -0.0949543, 0.031880386, 0.99478203, -0.096913815, 0.09844455, 0.093366385, 0.9907529, 0.0400483, 8.891133, 0.06900609)

[node name="Boot" parent="SubViewportContainer/SubViewport/Node3D/CharacterBody3D/MAsked Gli/Armature/Skeleton" index="24" unique_id=1004540596]
surface_material_override/0 = null

[node name="Boot_001" parent="SubViewportContainer/SubViewport/Node3D/CharacterBody3D/MAsked Gli/Armature/Skeleton" index="25" unique_id=868179833]
surface_material_override/0 = null

[node name="Hand_l" parent="SubViewportContainer/SubViewport/Node3D/CharacterBody3D/MAsked Gli/Armature/Skeleton" index="26" unique_id=1083052840]
surface_material_override/0 = null

[node name="Hand_r" parent="SubViewportContainer/SubViewport/Node3D/CharacterBody3D/MAsked Gli/Armature/Skeleton" index="27" unique_id=14793181]
surface_material_override/0 = null

[node name="Head" parent="SubViewportContainer/SubViewport/Node3D/CharacterBody3D/MAsked Gli/Armature/Skeleton" index="28" unique_id=2093382874]
surface_material_override/0 = null

[node name="LowerArm_l" parent="SubViewportContainer/SubViewport/Node3D/CharacterBody3D/MAsked Gli/Armature/Skeleton" index="29" unique_id=1154491587]
surface_material_override/0 = null

[node name="Neck" parent="SubViewportContainer/SubViewport/Node3D/CharacterBody3D/MAsked Gli/Armature/Skeleton" index="30" unique_id=2112179781]
surface_material_override/0 = null

[node name="Shin Guard" parent="SubViewportContainer/SubViewport/Node3D/CharacterBody3D/MAsked Gli/Armature/Skeleton" index="31" unique_id=446963812]
surface_material_override/0 = null

[node name="Shin Guard_001" parent="SubViewportContainer/SubViewport/Node3D/CharacterBody3D/MAsked Gli/Armature/Skeleton" index="32" unique_id=631754919]
surface_material_override/0 = null

[node name="Shin_l" parent="SubViewportContainer/SubViewport/Node3D/CharacterBody3D/MAsked Gli/Armature/Skeleton" index="33" unique_id=1926792786]
surface_material_override/0 = null
surface_material_override/1 = null

[node name="Shin_r" parent="SubViewportContainer/SubViewport/Node3D/CharacterBody3D/MAsked Gli/Armature/Skeleton" index="34" unique_id=420567883]
surface_material_override/0 = null
surface_material_override/1 = null

[node name="Thigh_r" parent="SubViewportContainer/SubViewport/Node3D/CharacterBody3D/MAsked Gli/Armature/Skeleton" index="35" unique_id=1380651104]
surface_material_override/0 = null

[node name="Torso" parent="SubViewportContainer/SubViewport/Node3D/CharacterBody3D/MAsked Gli/Armature/Skeleton" index="36" unique_id=1490072013]
surface_material_override/0 = null

[node name="UpperArm_R" parent="SubViewportContainer/SubViewport/Node3D/CharacterBody3D/MAsked Gli/Armature/Skeleton" index="39" unique_id=1416092234]
surface_material_override/0 = null

[node name="UpperArm_l" parent="SubViewportContainer/SubViewport/Node3D/CharacterBody3D/MAsked Gli/Armature/Skeleton" index="41" unique_id=416098030]
surface_material_override/0 = null

[node name="Thigh_l" parent="SubViewportContainer/SubViewport/Node3D/CharacterBody3D/MAsked Gli/Armature/Skeleton" index="44" unique_id=1042593285]
surface_material_override/0 = null

[node name="LowerArm_r" parent="SubViewportContainer/SubViewport/Node3D/CharacterBody3D/MAsked Gli/Armature/Skeleton" index="45" unique_id=1398226969]
surface_material_override/0 = null

[node name="RightArmGraft" parent="SubViewportContainer/SubViewport/Node3D/CharacterBody3D/MAsked Gli/Armature/Skeleton" index="46" unique_id=1562468153]
transform = Transform3D(-0.31476313, -0.8225261, 0.47368234, 0.88460255, -0.0732934, 0.46055007, -0.3440966, 0.5639849, 0.7506786, -1.7776465, 6.868482, -0.11721796)

[node name="LeftLegGraft" parent="SubViewportContainer/SubViewport/Node3D/CharacterBody3D/MAsked Gli/Armature/Skeleton" index="47" unique_id=1148643271]
transform = Transform3D(-0.9997722, -0.021233775, -0.0021558215, 0.021089144, -0.998362, 0.053183716, -0.0032815814, 0.053126138, 0.9985824, 0.6642251, 5.2489595, 0.036587037)

[node name="AnimationPlayer" parent="SubViewportContainer/SubViewport/Node3D/CharacterBody3D/MAsked Gli" parent_id_path=PackedInt32Array(1653024157, 201702736, 1915688629) index="1" unique_id=1926690920]
autoplay = &"Idle Straight"

[node name="Camera3D" type="Camera3D" parent="SubViewportContainer/SubViewport" unique_id=914894941]
transform = Transform3D(0.99998873, 0, -0.0047298893, 0, 1, 0, 0.0047298595, 0, 0.99998873, -0.007721761, 0.33589268, 1.0756568)
fov = 45.821358

[node name="DirectionalLight3D" type="DirectionalLight3D" parent="SubViewportContainer/SubViewport" unique_id=1768999714]
transform = Transform3D(1, 0, 0, 0, 0.9226593, 0.38561618, 0, -0.38561618, 0.9226593, 0, 0.67658234, 1.2380623)

[node name="ColorRect" type="ColorRect" parent="." unique_id=63572152]
material = ExtResource("2_nsmwh")
layout_mode = 1
anchors_preset = -1
anchor_right = 0.39900002
anchor_bottom = 1.033
offset_right = -62.080017
offset_bottom = -35.640015
grow_vertical = 2

[node name="VBoxContainer" type="VBoxContainer" parent="ColorRect" unique_id=755877414]
layout_mode = 1
anchors_preset = 11
anchor_left = 1.0
anchor_right = 1.0
anchor_bottom = 1.0
offset_left = -767.0
grow_horizontal = 0
grow_vertical = 2

[node name="HBoxContainer2" type="HBoxContainer" parent="ColorRect/VBoxContainer" unique_id=1648916928]
custom_minimum_size = Vector2(0, 300)
layout_mode = 2
size_flags_vertical = 3
theme = SubResource("Theme_3faqq")

[node name="Label" type="Label" parent="ColorRect/VBoxContainer/HBoxContainer2" unique_id=451084990]
layout_mode = 2
size_flags_horizontal = 6
text = "Right Arm"
label_settings = SubResource("LabelSettings_o00t5")
horizontal_alignment = 1
vertical_alignment = 1

[node name="TextureButton" type="TextureButton" parent="ColorRect/VBoxContainer/HBoxContainer2" unique_id=941066337]
custom_minimum_size = Vector2(200, 200)
layout_mode = 2
size_flags_horizontal = 4
size_flags_vertical = 4
texture_normal = ExtResource("3_lvtd6")
ignore_texture_size = true
stretch_mode = 4

[node name="ColorRect2" type="ColorRect" parent="." unique_id=1617707482]
material = ExtResource("2_nsmwh")
layout_mode = 1
anchors_preset = -1
anchor_left = 0.60400003
anchor_right = 1.0
anchor_bottom = 0.97900003
offset_left = 56.319946
offset_bottom = 22.679932
grow_horizontal = 0
grow_vertical = 2

[node name="VBoxContainer" type="VBoxContainer" parent="ColorRect2" unique_id=554768728]
layout_mode = 1
anchors_preset = 9
anchor_bottom = 1.0
offset_top = 8.0
offset_right = 753.0
grow_vertical = 2

[node name="HBoxContainer" type="HBoxContainer" parent="ColorRect2/VBoxContainer" unique_id=82745908]
custom_minimum_size = Vector2(0, 300)
layout_mode = 2
size_flags_vertical = 3
theme = SubResource("Theme_3faqq")

[node name="TextureButton" type="TextureButton" parent="ColorRect2/VBoxContainer/HBoxContainer" unique_id=1987664766]
custom_minimum_size = Vector2(200, 200)
layout_mode = 2
size_flags_horizontal = 4
size_flags_vertical = 4
texture_normal = ExtResource("3_lvtd6")
texture_pressed = ExtResource("4_g7rxt")
ignore_texture_size = true
stretch_mode = 4

[node name="Label" type="Label" parent="ColorRect2/VBoxContainer/HBoxContainer" unique_id=1661617161]
layout_mode = 2
size_flags_horizontal = 6
text = "Left Leg"
label_settings = SubResource("LabelSettings_o00t5")
horizontal_alignment = 1
vertical_alignment = 1

[node name="ArmList" type="ItemList" parent="." unique_id=1139947939]
visible = false
layout_mode = 1
anchors_preset = 15
anchor_right = 1.0
anchor_bottom = 1.0
grow_horizontal = 2
grow_vertical = 2
item_count = 2
max_columns = 4
icon_mode = 0
item_0/text = "Basic"
item_0/icon = ExtResource("2_l3mp2")
item_1/text = "Saw"
item_1/icon = ExtResource("3_n4bap")

[node name="LegList" type="ItemList" parent="." unique_id=1976916116]
visible = false
layout_mode = 0
anchor_right = 1.0
anchor_bottom = 1.0
grow_horizontal = 2
grow_vertical = 2
item_count = 2
max_columns = 4
icon_mode = 0
item_0/text = "Basic"
item_0/icon = ExtResource("2_l3mp2")
item_1/text = "Hammer"
item_1/icon = ExtResource("4_gjxvf")

[connection signal="pressed" from="ColorRect/VBoxContainer/HBoxContainer2/TextureButton" to="." method="_on_texture_button_pressed"]
[connection signal="pressed" from="ColorRect2/VBoxContainer/HBoxContainer/TextureButton" to="." method="_on_leg_button_pressed"]
[connection signal="item_selected" from="ArmList" to="." method="_on_arm_list_item_selected"]

[editable path="SubViewportContainer/SubViewport/Node3D"]
[editable path="SubViewportContainer/SubViewport/Node3D/CharacterBody3D"]
